~o
<STREAMINFO> 1 39
<VECSIZE> 39<NULLD><MFCC_D_A_0><DIAGC>
~h "ap"
<BEGINHMM>
<NUMSTATES> 5
<STATE> 2
<NUMMIXES> 2
<MIXTURE> 1 7.908182e-01
<MEAN> 39
 -1.385230e+01 -9.966123e+00 -4.436458e+00 -1.352877e+00 -1.403130e-01 -3.363634e+00 2.713032e+00 -1.533501e+00 -4.686148e-01 -1.078650e-01 5.228027e-01 -3.826238e-01 6.188381e+01 3.525756e-01 2.269127e-01 2.009932e-01 1.109380e-01 2.321790e-01 2.429967e-01 2.316471e-01 1.987006e-01 1.036657e-01 7.015681e-02 6.299646e-02 4.315153e-03 -7.646961e-01 -9.228624e-03 3.168408e-02 7.437527e-03 1.416209e-02 8.759804e-03 -4.358754e-03 -2.250228e-02 4.977696e-03 -1.308795e-02 -9.320088e-03 -9.367533e-03 -8.714177e-03 -4.298702e-03
<VARIANCE> 39
 2.446571e+01 3.742431e+01 2.874841e+01 2.568897e+01 3.010236e+01 3.599494e+01 2.695330e+01 2.665458e+01 2.079337e+01 1.865059e+01 1.704404e+01 1.566922e+01 8.915617e+01 1.380941e-01 2.752068e-01 4.381193e-01 6.879997e-01 9.059986e-01 1.057123e+00 1.238934e+00 1.320724e+00 1.365099e+00 1.332513e+00 1.278868e+00 1.189809e+00 1.126885e-01 5.666018e-02 8.112820e-02 1.054210e-01 1.503472e-01 2.035563e-01 2.420996e-01 2.676860e-01 2.832424e-01 2.892278e-01 2.807348e-01 2.699605e-01 2.485956e-01 1.947599e-01
<GCONST> 8.755492e+01
<MIXTURE> 2 2.092730e-01
<MEAN> 39
 -1.477245e+01 -9.009158e+00 -5.810419e+00 -2.125351e+00 -1.457099e+00 -4.298003e+00 8.038126e-01 -8.122147e-01 -1.380507e+00 -6.182873e-01 -1.434423e-01 -1.365029e+00 6.581312e+01 -1.638572e+00 -1.776191e+00 -1.284605e+00 -4.527155e-01 -1.168744e+00 -1.542095e+00 -9.960306e-01 -9.467584e-01 -5.905742e-01 -3.803049e-01 -2.501130e-01 -2.791360e-02 4.390438e+00 1.381600e-01 -5.595395e-02 9.380616e-03 -5.437110e-02 3.246975e-02 1.013619e-01 1.535585e-01 2.278445e-02 7.635841e-02 4.858648e-02 5.235875e-02 3.794716e-02 -2.030360e-01
<VARIANCE> 39
 4.217276e+01 5.730764e+01 3.978757e+01 2.747312e+01 3.904078e+01 5.431475e+01 4.076071e+01 3.596111e+01 2.907200e+01 2.295664e+01 1.968428e+01 1.702837e+01 2.191198e+02 3.586562e+00 4.497563e+00 2.662582e+00 2.525103e+00 3.083558e+00 4.571121e+00 3.756490e+00 3.328029e+00 2.914838e+00 2.406429e+00 2.107796e+00 1.748142e+00 1.583757e+01 8.537990e-01 9.255573e-01 5.755607e-01 4.228239e-01 6.695054e-01 1.042861e+00 8.143278e-01 7.083503e-01 5.736113e-01 4.487192e-01 3.817889e-01 3.152711e-01 4.637069e+00
<GCONST> 1.304956e+02
<STATE> 3
<NUMMIXES> 2
<MIXTURE> 1 7.840181e-01
<MEAN> 39
 -1.086542e+01 -1.720477e+01 -1.126227e+01 4.686281e-01 7.563133e-01 -9.441978e+00 6.974156e-01 -1.024041e+00 -4.170052e+00 -2.804754e+00 1.099427e+00 -5.129954e-01 6.816817e+01 2.947159e-01 2.039305e-01 2.828412e-01 2.614961e-01 3.347504e-01 2.579130e-01 2.264346e-01 1.525989e-01 1.111547e-01 1.016753e-01 1.076698e-01 6.106751e-02 -8.986609e-01 -1.107077e-02 4.585230e-02 2.507515e-02 1.332264e-02 1.167446e-02 1.460802e-02 -1.663895e-02 1.145627e-02 1.574070e-02 5.130518e-03 -1.081133e-02 -1.271920e-02 -2.488494e-04
<VARIANCE> 39
 1.235140e+01 2.140339e+01 1.970561e+01 2.229698e+01 3.171185e+01 2.202125e+01 2.848872e+01 2.282830e+01 2.243436e+01 2.077115e+01 1.640624e+01 1.468964e+01 6.681262e+01 9.763698e-02 2.408263e-01 3.640842e-01 5.923708e-01 8.083715e-01 9.493320e-01 1.123688e+00 1.206585e+00 1.264252e+00 1.263530e+00 1.199848e+00 1.141961e+00 4.634373e-02 2.997128e-02 6.185089e-02 8.972642e-02 1.397983e-01 1.875820e-01 2.091646e-01 2.446411e-01 2.621273e-01 2.740418e-01 2.726002e-01 2.521714e-01 2.389715e-01 9.801362e-02
<GCONST> 8.028405e+01
<MIXTURE> 2 2.160487e-01
<MEAN> 39
 -1.213843e+01 -1.593286e+01 -1.160016e+01 -3.324239e-01 -6.535339e-02 -9.513681e+00 -8.991506e-01 -4.760531e-01 -3.509103e+00 -2.917752e+00 3.523639e-01 -9.825746e-01 7.152135e+01 -6.437643e-01 -5.034570e-01 -6.948650e-01 -6.402246e-01 -8.067850e-01 -7.282845e-01 -6.204160e-01 -4.810997e-01 -4.052705e-01 -3.673261e-01 -3.005955e-01 -1.506491e-01 2.022586e+00 3.598856e-02 -1.032830e-01 -5.066140e-02 -3.113644e-02 -2.145552e-02 -2.058417e-02 4.858159e-02 -2.828886e-02 -4.312369e-02 -2.211820e-03 3.634372e-02 4.267599e-02 -4.155618e-02
<VARIANCE> 39
 2.118145e+01 3.062197e+01 2.661852e+01 2.995934e+01 3.474111e+01 3.340911e+01 3.852945e+01 2.604412e+01 2.714375e+01 2.311360e+01 1.839160e+01 1.599851e+01 1.371194e+02 1.804906e+00 2.201214e+00 1.842819e+00 2.215925e+00 2.510336e+00 2.632493e+00 2.871664e+00 2.204861e+00 2.240781e+00 1.993407e+00 1.676821e+00 1.499454e+00 1.323631e+01 3.621448e-01 3.923394e-01 3.693064e-01 4.342215e-01 5.233063e-01 5.844377e-01 6.290263e-01 4.633659e-01 4.491276e-01 4.043364e-01 3.446411e-01 3.018436e-01 2.756486e+00
<GCONST> 1.182160e+02
<STATE> 4
<NUMMIXES> 2
<MIXTURE> 1 8.086968e-01
<MEAN> 39
 -9.726177e+00 -1.030726e+01 -4.693052e+00 4.848280e-01 2.728874e-01 -3.750779e+00 3.174816e+00 -1.113348e+00 -1.608795e+00 2.078461e-01 8.099167e-01 -7.574441e-01 5.800395e+01 2.393999e-01 2.808046e-01 2.001318e-01 1.124369e-01 1.913639e-01 2.488884e-01 1.556012e-01 2.210929e-01 1.163108e-01 8.528885e-02 5.295438e-02 1.481465e-02 -6.574336e-01 -1.630111e-02 1.279289e-02 -1.956075e-03 1.466312e-03 -1.011863e-03 6.227046e-04 -9.997062e-03 3.574107e-03 -3.990803e-03 -4.279286e-03 -4.466444e-03 -4.805986e-03 2.123385e-02
<VARIANCE> 39
 2.066017e+01 5.865530e+01 2.215613e+01 2.295647e+01 3.231490e+01 3.200520e+01 2.479310e+01 3.141926e+01 2.299944e+01 1.948399e+01 1.629873e+01 1.425075e+01 9.835601e+01 1.281721e-01 2.652763e-01 4.060577e-01 6.389765e-01 8.611192e-01 9.806373e-01 1.140498e+00 1.224805e+00 1.292057e+00 1.286519e+00 1.232604e+00 1.131943e+00 1.411127e-01 2.952372e-02 5.490462e-02 8.478324e-02 1.306561e-01 1.782553e-01 2.113161e-01 2.390866e-01 2.597876e-01 2.747742e-01 2.714919e-01 2.537227e-01 2.326531e-01 4.724106e-02
<GCONST> 8.360428e+01
<MIXTURE> 2 1.915203e-01
<MEAN> 39
 -1.289370e+01 -1.074549e+01 -6.886593e+00 -1.099111e+00 -1.556411e+00 -5.236037e+00 1.203578e+00 -1.593198e+00 -2.155680e+00 -2.880110e-01 -7.672615e-02 -1.425246e+00 6.548031e+01 -9.611819e-01 -1.028134e+00 -7.422283e-01 -4.529529e-01 -8.252630e-01 -9.383990e-01 -6.293203e-01 -8.738531e-01 -4.188790e-01 -3.216930e-01 -2.383527e-01 -7.093620e-02 2.547146e+00 6.276850e-02 -6.133007e-02 -4.518434e-03 -1.665348e-02 -6.306238e-03 -1.534901e-02 3.307806e-02 -2.012517e-02 7.380303e-03 6.723989e-03 1.629186e-02 1.868450e-02 -7.609149e-02
<VARIANCE> 39
 3.465144e+01 6.898579e+01 3.365020e+01 2.820167e+01 4.155774e+01 4.179721e+01 3.460482e+01 3.677900e+01 2.816875e+01 2.164367e+01 1.893840e+01 1.607541e+01 2.051981e+02 2.880015e+00 4.507704e+00 2.110538e+00 2.001756e+00 2.763699e+00 3.257177e+00 2.769526e+00 2.995996e+00 2.640936e+00 2.004912e+00 1.812127e+00 1.560332e+00 1.737940e+01 5.867693e-01 8.235448e-01 4.237410e-01 3.781535e-01 5.822269e-01 7.209169e-01 5.887065e-01 6.636915e-01 5.260178e-01 3.986194e-01 3.569556e-01 3.049739e-01 3.671807e+00
<GCONST> 1.254100e+02
<TRANSP> 5
 0.000000e+00 1.000000e+00 0.000000e+00 0.000000e+00 0.000000e+00
 0.000000e+00 9.832749e-01 1.672515e-02 0.000000e+00 0.000000e+00
 0.000000e+00 0.000000e+00 9.877280e-01 1.227195e-02 0.000000e+00
 0.000000e+00 0.000000e+00 0.000000e+00 9.930960e-01 6.904020e-03
 0.000000e+00 0.000000e+00 0.000000e+00 0.000000e+00 0.000000e+00
<ENDHMM>
~h "cl"
<BEGINHMM>
<NUMSTATES> 5
<STATE> 2
<NUMMIXES> 2
<MIXTURE> 1 5.982201e-01
<MEAN> 39
 -1.111637e+01 -1.266168e+00 -9.738485e-01 -4.199960e+00 -1.436666e+00 5.214314e+00 3.861044e+00 5.875511e-01 3.592713e+00 1.433981e-01 -2.781328e+00 9.206669e-01 5.206419e+01 1.352758e-01 9.365483e-02 1.021657e-01 1.225156e-01 1.700813e-01 2.315292e-01 2.049889e-01 1.894425e-01 1.779698e-01 1.695381e-01 1.467076e-01 6.899247e-02 -1.555554e-01 -5.284503e-02 2.224941e-02 2.884791e-02 1.444542e-02 8.148611e-03 3.524125e-02 5.010925e-04 1.760752e-02 3.747635e-02 2.211043e-02 9.727934e-03 2.595964e-02 4.405598e-02
<VARIANCE> 39
 3.409162e+01 1.919147e+01 3.210550e+01 1.470091e+01 1.901233e+01 3.639584e+01 2.204110e+01 2.569523e+01 3.361381e+01 2.067990e+01 2.537446e+01 2.251089e+01 2.633113e+01 7.108289e-01 4.567990e-01 6.126232e-01 7.537061e-01 9.836288e-01 1.430246e+00 1.353241e+00 1.532444e+00 1.720009e+00 1.455413e+00 1.440266e+00 1.386542e+00 3.293429e-01 1.463399e-01 7.960009e-02 1.153821e-01 1.460183e-01 1.989965e-01 2.718416e-01 2.691350e-01 3.083692e-01 3.323360e-01 2.969970e-01 2.858112e-01 2.569121e-01 6.918721e-02
<GCONST> 9.149060e+01
<MIXTURE> 2 4.017687e-01
<MEAN> 39
 -1.325675e+01 -2.376961e+00 -1.445815e+00 -3.913781e+00 -2.040046e+00 3.595813e+00 2.376317e+00 2.596134e-01 3.391571e+00 5.357744e-02 -2.261433e+00 8.662723e-01 5.652925e+01 -1.025996e+00 -2.831643e-02 -4.087690e-02 -2.549444e-01 -4.930986e-01 3.064695e-02 -4.990805e-01 -6.366605e-01 -5.025898e-02 -3.501004e-01 -5.198820e-01 1.297670e-01 8.602585e-01 1.876955e-02 -4.280687e-02 -2.469234e-04 -4.500486e-02 -6.970718e-02 3.502632e-02 -2.223801e-02 -1.019250e-01 -1.428774e-02 -4.321899e-02 -9.971894e-02 2.328065e-02 -2.476342e-02
<VARIANCE> 39
 4.869593e+01 4.579927e+01 3.018304e+01 1.779089e+01 2.248290e+01 5.574105e+01 2.883184e+01 2.995130e+01 3.567317e+01 2.536057e+01 2.577184e+01 2.312394e+01 8.853651e+01 4.657003e+00 1.373030e+00 1.087091e+00 1.116065e+00 1.623567e+00 3.150360e+00 2.057411e+00 2.553208e+00 2.664475e+00 2.126986e+00 2.155633e+00 1.955033e+00 4.462573e+00 5.894033e-01 1.921529e-01 1.713197e-01 2.030416e-01 2.891136e-01 4.526114e-01 3.822582e-01 4.319129e-01 4.219194e-01 3.815575e-01 3.641466e-01 3.155901e-01 6.112320e-01
<GCONST> 1.134035e+02
<STATE> 3
<NUMMIXES> 2
<MIXTURE> 1 5.139552e-01
<MEAN> 39
 -2.095806e+01 2.586962e+00 -4.273036e-01 -6.914424e+00 -4.454882e+00 1.289138e+01 9.518197e-01 -2.040793e+00 9.197162e+00 -3.902826e+00 -4.374759e+00 5.406348e+00 5.893504e+01 1.598485e-01 8.164680e-02 1.336846e-01 1.626917e-01 2.014986e-01 2.185244e-01 2.097588e-01 2.344126e-01 2.839309e-01 2.618945e-01 2.108460e-01 1.326477e-01 -1.160978e-01 1.095451e-02 9.067935e-03 1.245224e-02 2.561463e-02 1.887492e-02 -1.932755e-03 1.229318e-02 2.936344e-02 1.584795e-02 3.721233e-02 3.449970e-02 7.619727e-03 -6.408896e-04
<VARIANCE> 39
 4.018997e+01 9.000655e+00 1.698482e+01 1.199630e+01 1.476076e+01 2.681574e+01 2.412633e+01 1.950176e+01 2.445276e+01 1.975687e+01 1.848199e+01 2.011487e+01 2.037133e+01 1.454080e+00 4.198607e-01 7.001511e-01 8.449432e-01 1.123221e+00 1.692276e+00 1.715618e+00 1.533400e+00 1.718202e+00 1.570107e+00 1.462175e+00 1.552441e+00 7.427635e-01 2.894993e-01 8.027533e-02 1.419443e-01 1.738590e-01 2.291235e-01 3.332168e-01 3.467075e-01 3.178083e-01 3.613765e-01 3.326770e-01 3.028298e-01 3.117883e-01 1.560688e-01
<GCONST> 9.366069e+01
<MIXTURE> 2 4.860391e-01
<MEAN> 39
 -1.919148e+01 2.157056e+00 -1.185993e+00 -6.774497e+00 -4.734932e+00 1.128991e+01 2.665403e-01 -2.242688e+00 8.345485e+00 -3.617497e+00 -3.839649e+00 5.064997e+00 5.885609e+01 -1.050046e-01 -9.929018e-02 -1.587255e-01 -1.611268e-01 -2.096535e-01 -2.418981e-01 -2.096293e-01 -2.714931e-01 -3.185572e-01 -2.765340e-01 -2.295662e-01 -1.394206e-01 8.656332e-02 9.653717e-03 -1.322942e-02 -1.694210e-02 -2.388031e-02 -1.191467e-02 -1.257794e-02 -8.314768e-03 -2.192877e-02 -2.797310e-02 -3.117283e-02 -2.749154e-02 -1.890515e-02 -1.461708e-02
<VARIANCE> 39
 6.029018e+01 1.286790e+01 2.302193e+01 1.392339e+01 1.784304e+01 4.092068e+01 2.976519e+01 2.442929e+01 3.068421e+01 2.047615e+01 1.970000e+01 2.164310e+01 2.710408e+01 2.152010e+00 5.668233e-01 8.816466e-01 9.586443e-01 1.282068e+00 2.046155e+00 1.930992e+00 1.727137e+00 1.914527e+00 1.614992e+00 1.560309e+00 1.752887e+00 1.280059e+00 3.785188e-01 1.031963e-01 1.616401e-01 1.938150e-01 2.532402e-01 3.892830e-01 3.785149e-01 3.490648e-01 3.948911e-01 3.428183e-01 3.156290e-01 3.327542e-01 2.211753e-01
<GCONST> 1.008540e+02
<STATE> 4
<NUMMIXES> 2
<MIXTURE> 1 5.465706e-01
<MEAN> 39
 -2.196300e+01 5.388917e-01 5.608407e+00 -4.096642e+00 -6.151592e+00 1.095308e+01 1.825475e+00 -5.745805e+00 3.781944e+00 4.510834e+00 -1.148031e+01 4.511039e+00 5.725377e+01 4.306771e-01 1.077667e-01 2.204699e-01 1.212256e-01 1.357875e-01 2.274611e-01 2.943715e-01 6.473354e-02 3.832812e-01 1.600504e-01 5.968099e-02 1.753079e-01 -4.681864e-01 -6.530376e-03 2.713970e-02 -1.523359e-02 3.286792e-02 4.867417e-02 -3.721161e-02 8.510347e-03 7.956219e-02 4.239231e-03 1.828491e-02 7.745557e-02 -2.926261e-02 1.387061e-03
<VARIANCE> 39
 3.755038e+01 9.286587e+00 1.483245e+01 1.531466e+01 2.835233e+01 2.608125e+01 2.589401e+01 4.459402e+01 3.532387e+01 3.184880e+01 2.807005e+01 2.779567e+01 3.314857e+01 4.357722e-01 3.402515e-01 6.728387e-01 7.532172e-01 1.051832e+00 1.323800e+00 1.321275e+00 1.721452e+00 1.721780e+00 1.542128e+00 1.523530e+00 1.334823e+00 3.515714e-01 1.539270e-01 7.397498e-02 1.532928e-01 1.633810e-01 2.306695e-01 2.936679e-01 2.977891e-01 3.721656e-01 3.976693e-01 3.448192e-01 3.209344e-01 2.857476e-01 1.454048e-01
<GCONST> 9.364772e+01
<MIXTURE> 2 4.534051e-01
<MEAN> 39
 -2.258481e+01 5.242872e-01 5.011406e+00 -4.146480e+00 -6.749892e+00 1.021335e+01 6.710991e-01 -6.202284e+00 3.451175e+00 4.156074e+00 -1.145437e+01 4.836805e+00 5.882642e+01 -4.057988e-01 -1.409403e-01 -2.569259e-01 -1.619126e-01 -1.545363e-01 -3.057537e-01 -3.561884e-01 -6.008825e-02 -4.622377e-01 -2.018784e-01 -5.281757e-02 -2.197130e-01 4.746425e-01 1.082490e-02 -3.119501e-02 1.186942e-02 -3.816249e-02 -5.228476e-02 3.792474e-02 -9.696636e-03 -8.580565e-02 -7.697888e-03 -2.501254e-02 -8.327531e-02 2.960223e-02 -4.136273e-03
<VARIANCE> 39
 4.144632e+01 1.143216e+01 1.890123e+01 1.701143e+01 3.054894e+01 3.409776e+01 3.282618e+01 5.352185e+01 4.287710e+01 3.211548e+01 3.409397e+01 3.657673e+01 3.937757e+01 2.014026e+00 6.001122e-01 1.260878e+00 1.097136e+00 1.737209e+00 2.290646e+00 1.997528e+00 3.344100e+00 3.013099e+00 2.481591e+00 2.247065e+00 2.127706e+00 2.050677e+00 3.560740e-01 1.038310e-01 2.375767e-01 2.026572e-01 3.079099e-01 4.223476e-01 3.934442e-01 5.507454e-01 5.868477e-01 4.358066e-01 4.168477e-01 4.124704e-01 3.830369e-01
<GCONST> 1.101653e+02
<TRANSP> 5
 0.000000e+00 1.000000e+00 0.000000e+00 0.000000e+00 0.000000e+00
 0.000000e+00 9.504258e-01 4.957421e-02 0.000000e+00 0.000000e+00
 0.000000e+00 0.000000e+00 9.921193e-01 7.880668e-03 0.000000e+00
 0.000000e+00 0.000000e+00 0.000000e+00 9.935555e-01 6.444474e-03
 0.000000e+00 0.000000e+00 0.000000e+00 0.000000e+00 0.000000e+00
<ENDHMM>
~h "cm"
<BEGINHMM>
<NUMSTATES> 5
<STATE> 2
<NUMMIXES> 2
<MIXTURE> 1 5.029141e-01
<MEAN> 39
 -1.287856e+01 -5.546352e-01 -3.912552e+00 -5.975478e+00 -2.950486e-01 6.485808e-01 -9.319991e-01 1.074473e+00 -7.602586e-01 1.313912e+00 2.778536e+00 2.652112e-01 5.835310e+01 2.932152e-02 9.063923e-02 1.413546e-01 1.950457e-01 2.687229e-01 2.935082e-01 2.644483e-01 2.800034e-01 2.492389e-01 2.372352e-01 1.945111e-01 1.136707e-01 9.027183e-02 1.985545e-02 2.007938e-02 2.706236e-02 3.039296e-02 2.169454e-02 1.074173e-02 1.298011e-02 1.281274e-02 1.064385e-02 8.937197e-03 7.934099e-03 4.610429e-04 1.022181e-02
<VARIANCE> 39
 9.811751e+00 1.364462e+01 1.367053e+01 1.531433e+01 1.490705e+01 1.669943e+01 1.954728e+01 1.870028e+01 1.864486e+01 1.666705e+01 1.847587e+01 1.656381e+01 2.491324e+01 2.033907e-01 3.092579e-01 4.833523e-01 7.062268e-01 8.950604e-01 1.063426e+00 1.204213e+00 1.309832e+00 1.329526e+00 1.277294e+00 1.315444e+00 1.208000e+00 1.676678e-01 3.287436e-02 5.633131e-02 9.233479e-02 1.420085e-01 1.853683e-01 2.272077e-01 2.554092e-01 2.775066e-01 2.780753e-01 2.674964e-01 2.660437e-01 2.437865e-01 1.998158e-02
<GCONST> 7.810022e+01
<MIXTURE> 2 4.970630e-01
<MEAN> 39
 -1.309535e+01 -9.735119e-01 -4.217140e+00 -6.255475e+00 -5.712390e-01 1.463246e-01 -1.548721e+00 6.182292e-01 -1.187069e+00 1.336465e+00 3.110276e+00 5.325977e-01 5.918063e+01 -5.272930e-02 -1.450772e-01 -1.893851e-01 -2.475015e-01 -2.485596e-01 -3.074699e-01 -3.602055e-01 -3.346688e-01 -3.245898e-01 -2.713030e-01 -2.009208e-01 -1.063545e-01 1.967547e-01 7.076566e-03 -1.970464e-02 -2.573179e-02 -2.340442e-02 -3.313208e-02 -3.571685e-02 -2.752832e-02 -3.184171e-02 -2.817259e-02 -3.450225e-02 -3.798299e-02 -2.220975e-02 7.575319e-03
<VARIANCE> 39
 9.281182e+00 1.382171e+01 1.247388e+01 1.378031e+01 1.482422e+01 1.652811e+01 1.978060e+01 1.864421e+01 1.863995e+01 1.692408e+01 1.873578e+01 1.702391e+01 2.097380e+01 2.572621e-01 3.871407e-01 5.246330e-01 7.786101e-01 9.639753e-01 1.160042e+00 1.313908e+00 1.381562e+00 1.387794e+00 1.339222e+00 1.362844e+00 1.283801e+00 3.228458e-01 3.474686e-02 6.214876e-02 9.592307e-02 1.449447e-01 1.925484e-01 2.377559e-01 2.717458e-01 2.869812e-01 2.876989e-01 2.748507e-01 2.735417e-01 2.550525e-01 2.734279e-02
<GCONST> 8.035902e+01
<STATE> 3
<NUMMIXES> 2
<MIXTURE> 1 5.317474e-01
<MEAN> 39
 -7.743756e+00 -2.273433e+00 -4.708210e+00 -5.990298e+00 -1.828518e+00 -2.178815e+00 -2.205407e+00 -1.173700e+00 -2.233256e+00 -1.001903e+00 -6.350901e-01 -1.838012e+00 6.542404e+01 1.462981e-01 9.997378e-02 1.304729e-01 2.086864e-01 2.286102e-01 2.587828e-01 2.651221e-01 2.474451e-01 2.627372e-01 2.269147e-01 1.804912e-01 1.151935e-01 6.408864e-02 -4.624407e-03 1.736103e-02 1.426723e-02 3.411074e-02 2.894222e-02 4.041788e-02 3.973753e-02 3.229955e-02 2.329187e-02 2.157326e-02 1.779464e-02 6.940497e-03 -4.457534e-02
<VARIANCE> 39
 1.397050e+01 1.678880e+01 1.383792e+01 1.800863e+01 1.739071e+01 1.733230e+01 2.255135e+01 1.965147e+01 2.037572e+01 1.844669e+01 1.710899e+01 1.541160e+01 7.757668e+01 3.549284e-01 4.551962e-01 5.997040e-01 8.329759e-01 9.954642e-01 1.121079e+00 1.254566e+00 1.350701e+00 1.393670e+00 1.350891e+00 1.336807e+00 1.251278e+00 6.030431e-01 6.244866e-02 9.705228e-02 1.223395e-01 1.838806e-01 2.225493e-01 2.568441e-01 2.845460e-01 2.991167e-01 3.062227e-01 2.989969e-01 2.885459e-01 2.617839e-01 9.273646e-02
<GCONST> 8.749451e+01
<MIXTURE> 2 4.682247e-01
<MEAN> 39
 -8.187179e+00 -2.228492e+00 -5.208371e+00 -6.366388e+00 -2.358371e+00 -2.663653e+00 -3.026908e+00 -1.607954e+00 -2.851678e+00 -1.497092e+00 -1.112983e+00 -2.054164e+00 6.735267e+01 1.688969e-01 -1.587267e-01 -1.968399e-01 -3.033569e-01 -4.276187e-01 -5.177281e-01 -4.450386e-01 -4.272275e-01 -3.843372e-01 -3.927176e-01 -4.089944e-01 -2.328634e-01 7.179521e-01 -1.679968e-03 -1.506767e-03 -2.843246e-03 -1.212517e-02 9.610521e-03 1.172520e-02 -2.122875e-04 1.771096e-04 2.576642e-03 1.015609e-02 2.145272e-02 1.558489e-02 -2.160911e-02
<VARIANCE> 39
 1.478544e+01 1.631978e+01 1.548661e+01 1.726202e+01 1.816669e+01 1.757465e+01 2.034025e+01 2.015256e+01 2.132170e+01 1.861411e+01 1.791655e+01 1.563512e+01 6.536057e+01 7.866141e-01 9.437856e-01 8.653690e-01 1.171284e+00 1.301439e+00 1.446696e+00 1.510615e+00 1.620396e+00 1.608449e+00 1.541396e+00 1.490924e+00 1.384493e+00 1.561607e+00 9.801192e-02 1.412685e-01 1.587649e-01 2.145045e-01 2.568673e-01 2.926860e-01 3.067411e-01 3.268421e-01 3.348717e-01 3.148325e-01 3.044061e-01 2.747747e-01 1.999773e-01
<GCONST> 9.476662e+01
<STATE> 4
<NUMMIXES> 2
<MIXTURE> 1 4.923863e-01
<MEAN> 39
 -5.691604e+00 4.494557e-01 -3.081057e+00 -4.284549e+00 -5.373139e-01 -1.102241e+00 -1.893065e+00 -9.449440e-01 -1.877614e+00 -1.289469e+00 -5.721245e-01 -1.941026e+00 6.502932e+01 5.864765e-02 1.269860e-01 1.915628e-01 2.483993e-01 2.709945e-01 2.758651e-01 2.895646e-01 2.508056e-01 2.457005e-01 2.159746e-01 1.892878e-01 1.101211e-01 -2.987667e-01 6.364748e-03 1.237583e-02 1.145824e-02 1.057544e-02 3.403246e-03 -3.054645e-03 -6.187811e-03 -4.679646e-03 -8.681756e-03 -9.746984e-03 -1.196001e-02 -1.164543e-02 5.092140e-03
<VARIANCE> 39
 1.288622e+01 1.178877e+01 1.259737e+01 1.450475e+01 1.468223e+01 1.463307e+01 1.668774e+01 1.770024e+01 1.821640e+01 1.611878e+01 1.459254e+01 1.294072e+01 7.266506e+01 1.769064e-01 2.760065e-01 4.271452e-01 6.437510e-01 8.177371e-01 9.673780e-01 1.112739e+00 1.204952e+00 1.271267e+00 1.251444e+00 1.212541e+00 1.134138e+00 2.190134e-01 2.697417e-02 5.059677e-02 8.470735e-02 1.298350e-01 1.682723e-01 2.010130e-01 2.363359e-01 2.541519e-01 2.669193e-01 2.610620e-01 2.488348e-01 2.309948e-01 1.758022e-02
<GCONST> 7.632155e+01
<MIXTURE> 2 5.075725e-01
<MEAN> 39
 -5.524945e+00 -5.957512e-01 -4.489633e+00 -5.754356e+00 -2.254642e+00 -2.778103e+00 -3.596019e+00 -2.248345e+00 -3.143046e+00 -2.372110e+00 -1.661290e+00 -2.561366e+00 6.972926e+01 1.657111e-02 -3.944331e-02 -7.294685e-02 -1.009818e-01 -1.537713e-01 -1.936859e-01 -2.085482e-01 -2.403384e-01 -2.300389e-01 -2.144160e-01 -1.717090e-01 -9.607863e-02 -1.598928e-01 -1.420209e-02 -1.448319e-02 -1.244573e-02 -1.461587e-02 -6.284475e-03 1.506943e-03 5.938463e-03 5.612019e-03 8.150548e-03 1.137526e-02 1.350027e-02 1.072866e-02 -1.596358e-02
<VARIANCE> 39
 8.438401e+00 1.028898e+01 1.098713e+01 1.359853e+01 1.375537e+01 1.312501e+01 1.468944e+01 1.626769e+01 1.726566e+01 1.541464e+01 1.472805e+01 1.265721e+01 5.615702e+01 1.866989e-01 2.845230e-01 4.482926e-01 6.673641e-01 8.347986e-01 9.647241e-01 1.108462e+00 1.198449e+00 1.253654e+00 1.236902e+00 1.211156e+00 1.134064e+00 2.943825e-01 2.868373e-02 5.159217e-02 8.728065e-02 1.327416e-01 1.706415e-01 2.021134e-01 2.322699e-01 2.498256e-01 2.620071e-01 2.595445e-01 2.521765e-01 2.309912e-01 2.380913e-02
<GCONST> 7.566232e+01
<TRANSP> 5
 0.000000e+00 1.000000e+00 0.000000e+00 0.000000e+00 0.000000e+00
 0.000000e+00 9.666893e-01 3.331072e-02 0.000000e+00 0.000000e+00
 0.000000e+00 0.000000e+00 9.577317e-01 4.226839e-02 0.000000e+00
 0.000000e+00 0.000000e+00 0.000000e+00 9.848306e-01 1.516941e-02
 0.000000e+00 0.000000e+00 0.000000e+00 0.000000e+00 0.000000e+00
<ENDHMM>
~h "co"
<BEGINHMM>
<NUMSTATES> 5
<STATE> 2
<NUMMIXES> 2
<MIXTURE> 1 5.912314e-01
<MEAN> 39
 -7.653712e+00 -6.964290e+00 -1.570526e-01 -4.237771e+00 -8.490995e+00 -4.818161e+00 -5.111958e+00 -2.395833e-01 -3.539679e+00 -6.027605e+00 -4.978284e+00 -5.917519e+00 6.641404e+01 -6.491682e-01 3.515761e-01 4.118744e-01 -8.819062e-02 3.563591e-01 -2.145513e-01 3.400152e-01 -2.842405e-01 -4.766346e-01 -2.782636e-01 2.304486e-01 2.141384e-01 1.301475e+00 6.259660e-02 -1.297622e-01 -1.436270e-01 1.954821e-01 1.256533e-01 1.375763e-01 8.497254e-02 1.322663e-01 2.143047e-01 2.290861e-01 1.669091e-01 9.365541e-02 -3.527460e-01
<VARIANCE> 39
 2.280466e+01 3.241758e+01 2.382846e+01 3.240558e+01 5.900874e+01 5.033023e+01 8.706499e+01 5.910759e+01 5.123858e+01 4.818914e+01 3.797642e+01 3.723054e+01 1.062754e+02 9.932166e-01 1.575821e+00 1.406960e+00 1.644681e+00 2.181030e+00 2.218699e+00 2.931202e+00 2.253196e+00 2.534894e+00 2.422991e+00 1.884838e+00 1.774905e+00 2.467215e+00 1.278021e-01 2.200046e-01 2.493572e-01 2.759669e-01 4.140915e-01 4.609736e-01 4.740383e-01 4.198226e-01 4.591001e-01 4.052893e-01 3.932374e-01 3.223494e-01 3.785379e-01
<GCONST> 1.156467e+02
<MIXTURE> 2 4.087649e-01
<MEAN> 39
 -6.227906e+00 -9.143400e+00 -2.531322e+00 -2.125388e+00 -1.043056e+01 -3.531139e+00 -5.081439e+00 1.503091e+00 6.295868e-01 -2.551030e+00 -2.632542e+00 -5.611281e+00 6.113069e+01 -4.013443e-01 -6.286227e-01 1.065904e-01 -8.477657e-01 -1.729877e+00 -1.528375e+00 -9.831029e-01 -1.061550e+00 -9.835205e-01 -1.108468e+00 -9.463577e-01 -7.851493e-01 3.555543e+00 -1.633713e-01 3.979691e-01 1.422551e-01 -1.320242e-01 3.704526e-01 6.333978e-02 1.947750e-01 -7.329330e-02 -2.477752e-01 -1.414385e-01 3.353464e-02 5.416097e-02 1.324571e-01
<VARIANCE> 39
 1.936722e+01 5.338798e+01 2.518176e+01 3.826865e+01 8.628604e+01 6.164906e+01 1.198200e+02 6.502812e+01 5.646213e+01 5.939167e+01 4.323275e+01 4.207663e+01 9.796452e+01 1.388287e+00 4.620466e+00 2.539143e+00 3.557183e+00 5.906507e+00 3.985087e+00 5.359693e+00 4.448904e+00 4.726042e+00 3.289332e+00 2.701388e+00 2.759766e+00 4.408810e+00 1.622305e-01 7.057621e-01 3.325648e-01 4.766110e-01 8.737066e-01 6.277196e-01 9.314287e-01 5.808473e-01 6.508529e-01 5.434627e-01 5.008505e-01 4.988453e-01 6.675486e-01
<GCONST> 1.318088e+02
<STATE> 3
<NUMMIXES> 2
<MIXTURE> 1 5.543784e-01
<MEAN> 39
 -6.957837e+00 -7.176423e+00 -1.161318e+00 -3.314130e+00 -6.653821e+00 -8.208019e+00 -6.583836e+00 -7.136109e+00 -4.196133e+00 -3.362208e+00 -3.352481e+00 -7.590133e+00 6.703410e+01 5.390625e-02 6.215924e-02 1.026495e-01 1.989189e-01 4.122189e-01 2.723384e-01 3.219390e-01 1.942747e-01 2.370127e-01 3.130385e-01 2.815210e-01 1.887255e-01 -4.024360e-01 2.371460e-02 -1.682729e-02 -2.045792e-03 4.460330e-02 2.716452e-03 2.812777e-02 3.475114e-02 3.385595e-02 3.008315e-02 1.630560e-03 -2.374802e-03 1.142778e-02 -5.387872e-02
<VARIANCE> 39
 2.249140e+01 1.425520e+01 2.472343e+01 2.449632e+01 2.586929e+01 2.993756e+01 4.790279e+01 5.913421e+01 3.593575e+01 3.802631e+01 3.614727e+01 3.481692e+01 5.543385e+01 3.296016e-01 4.476143e-01 7.284138e-01 8.556992e-01 1.180929e+00 1.240771e+00 1.559004e+00 1.785484e+00 1.923633e+00 1.843636e+00 1.586132e+00 1.475926e+00 4.485590e-01 6.098457e-02 9.703204e-02 1.416616e-01 1.766716e-01 2.607066e-01 2.681233e-01 3.309391e-01 3.679551e-01 4.009042e-01 3.847327e-01 3.449982e-01 3.042609e-01 9.933384e-02
<GCONST> 9.714546e+01
<MIXTURE> 2 4.456047e-01
<MEAN> 39
 -7.199921e+00 -8.244954e+00 -2.974784e+00 -3.749349e+00 -8.061814e+00 -8.699579e+00 -7.224685e+00 -6.177101e+00 -3.819761e+00 -4.369896e+00 -3.925058e+00 -8.238228e+00 6.921358e+01 9.967445e-02 -1.097635e-01 -1.040396e-01 -1.332210e-01 -3.191113e-01 -2.927645e-01 -5.299229e-01 -3.410863e-01 -2.512962e-01 -3.160285e-01 -3.458458e-01 -3.088382e-01 2.512476e-01 1.785068e-03 2.208060e-02 1.364534e-02 -4.186016e-02 -4.283037e-03 -1.834674e-02 -4.672471e-02 -2.665834e-02 -2.794258e-02 1.225408e-03 -1.082083e-02 -1.895688e-02 8.229294e-03
<VARIANCE> 39
 1.540107e+01 1.733600e+01 2.922592e+01 2.455980e+01 2.884059e+01 2.998022e+01 5.155182e+01 6.766732e+01 5.013000e+01 4.231954e+01 3.872167e+01 3.766172e+01 4.302818e+01 7.061630e-01 1.279490e+00 1.168856e+00 1.487273e+00 2.356503e+00 1.874438e+00 2.669873e+00 2.980324e+00 3.448645e+00 2.561438e+00 2.308964e+00 1.982696e+00 2.224933e+00 7.967231e-02 2.421649e-01 1.940442e-01 2.676889e-01 4.237215e-01 3.477801e-01 4.776890e-01 5.339973e-01 7.078767e-01 5.221803e-01 4.529177e-01 3.710894e-01 2.326600e-01
<GCONST> 1.115541e+02
<STATE> 4
<NUMMIXES> 2
<MIXTURE> 1 5.766248e-01
<MEAN> 39
 -4.107917e+00 -2.774347e+00 3.017412e+00 1.097968e+00 6.182715e-02 -2.937583e+00 -3.887239e+00 -3.198249e+00 -2.412306e+00 -3.490268e+00 -3.218091e+00 -6.340790e+00 5.505394e+01 8.630313e-02 2.566420e-01 6.740915e-02 1.296012e-01 2.944056e-01 3.206491e-01 3.289973e-01 3.221054e-01 1.501237e-01 1.503473e-01 9.503496e-02 1.092930e-01 -4.877235e-01 1.810418e-03 6.586522e-03 4.146760e-03 1.687472e-02 1.730446e-03 2.838265e-02 1.664985e-02 2.825096e-02 1.826116e-02 1.292127e-02 3.545679e-03 -1.036381e-02 1.470038e-02
<VARIANCE> 39
 1.524960e+01 2.341924e+01 1.761627e+01 2.236130e+01 2.330281e+01 2.813287e+01 4.190608e+01 4.179429e+01 2.936792e+01 2.589927e+01 2.496189e+01 2.310494e+01 5.117427e+01 1.895583e-01 3.025636e-01 4.967057e-01 7.017525e-01 8.741810e-01 1.004546e+00 1.149176e+00 1.246828e+00 1.336046e+00 1.426698e+00 1.374671e+00 1.252330e+00 1.256569e-01 2.800938e-02 5.705067e-02 9.295198e-02 1.352322e-01 1.785758e-01 2.055368e-01 2.352547e-01 2.559998e-01 2.753848e-01 2.901186e-01 2.805955e-01 2.537541e-01 1.256216e-02
<GCONST> 8.336691e+01
<MIXTURE> 2 4.233578e-01
<MEAN> 39
 -4.530852e+00 -6.078502e+00 1.369626e+00 -3.529531e-01 -3.098145e+00 -2.959650e+00 -8.340493e+00 -3.778049e+00 -2.526882e+00 -5.461653e+00 -3.849758e+00 -8.251150e+00 6.183171e+01 3.379468e-02 -2.600602e-02 -1.137464e-02 -7.008713e-02 -9.782344e-02 -2.013819e-01 -2.603598e-01 -2.482524e-01 -2.152003e-01 -1.959342e-01 -1.240667e-01 -6.101384e-02 -5.049548e-02 -1.400318e-02 -1.143328e-02 -2.303621e-02 -4.005805e-02 -2.955178e-02 -4.823504e-02 -2.300213e-02 -3.330795e-02 -2.532850e-02 -1.991915e-02 -1.028306e-02 9.218162e-03 -5.431613e-03
<VARIANCE> 39
 1.456166e+01 2.871681e+01 2.329760e+01 2.350493e+01 3.512489e+01 3.969448e+01 6.852933e+01 4.415174e+01 3.630973e+01 4.957211e+01 3.786890e+01 3.522110e+01 6.240168e+01 3.997987e-01 9.768519e-01 8.908926e-01 9.924417e-01 1.781479e+00 1.478181e+00 2.375221e+00 1.919276e+00 1.953155e+00 2.021902e+00 1.846233e+00 1.846868e+00 1.463378e+00 5.603619e-02 1.585555e-01 1.557983e-01 1.873073e-01 3.275262e-01 2.860662e-01 4.376496e-01 3.534803e-01 3.822716e-01 4.006535e-01 3.615874e-01 3.630210e-01 1.318339e-01
<GCONST> 1.040768e+02
<TRANSP> 5
 0.000000e+00 1.000000e+00 0.000000e+00 0.000000e+00 0.000000e+00
 0.000000e+00 8.688382e-01 1.311618e-01 0.000000e+00 0.000000e+00
 0.000000e+00 0.000000e+00 9.843540e-01 1.564596e-02 0.000000e+00
 0.000000e+00 0.000000e+00 0.000000e+00 9.808123e-01 1.918780e-02
 0.000000e+00 0.000000e+00 0.000000e+00 0.000000e+00 0.000000e+00
<ENDHMM>
~h "ds"
<BEGINHMM>
<NUMSTATES> 5
<STATE> 2
<NUMMIXES> 2
<MIXTURE> 1 5.048078e-01
<MEAN> 39
 -1.347712e+01 1.183617e-01 8.172535e-01 -2.732148e-02 5.764306e-01 -1.284420e+00 3.947606e+00 -5.752635e-01 3.139003e+00 1.385315e+00 2.698376e+00 9.264251e-01 6.751252e+01 3.148142e-01 3.871448e-01 4.577091e-01 4.827902e-01 4.435149e-01 4.318591e-01 4.100653e-01 2.839800e-01 1.634062e-01 2.425224e-01 3.493151e-01 2.625499e-01 3.927132e-01 1.769038e-02 -2.742385e-02 -1.574071e-02 6.919755e-02 5.605182e-02 7.536655e-02 1.671562e-02 5.451130e-02 -4.604157e-03 4.909955e-03 -4.962426e-02 -2.435971e-02 -2.817011e-01
<VARIANCE> 39
 2.235258e+01 1.785876e+01 1.542897e+01 1.850989e+01 2.287939e+01 2.108226e+01 2.586779e+01 2.801122e+01 2.336116e+01 2.007872e+01 1.831659e+01 1.558754e+01 1.127926e+02 1.113712e+00 1.032203e+00 9.391131e-01 1.308998e+00 1.430959e+00 1.723279e+00 1.937879e+00 2.022562e+00 1.892466e+00 1.792200e+00 1.717054e+00 1.494646e+00 3.217055e+00 2.749260e-01 1.991807e-01 2.064346e-01 3.088238e-01 3.353197e-01 3.734678e-01 4.164519e-01 4.066536e-01 3.907174e-01 3.559090e-01 3.468344e-01 2.970600e-01 7.032351e-01
<GCONST> 1.044541e+02
<MIXTURE> 2 4.951876e-01
<MEAN> 39
 -1.468140e+01 -1.748107e+00 -7.431835e-01 -1.436335e+00 -8.350059e-01 -1.124801e+00 4.192187e+00 8.987145e-01 2.097881e+00 1.800489e+00 2.337787e+00 8.066594e-01 6.357580e+01 -6.872448e-01 -2.331483e-01 -5.234354e-01 -5.499558e-01 -7.825570e-01 -6.385483e-01 -5.740911e-01 -3.151073e-01 -1.233910e-01 3.971159e-02 -7.978942e-02 -5.099590e-02 1.334042e+00 1.177514e-01 5.914370e-02 5.199206e-02 1.265070e-02 3.449758e-02 -4.114062e-02 4.672226e-03 -4.008286e-02 1.861530e-02 -3.209266e-02 5.242602e-02 1.371050e-02 -1.177955e-02
<VARIANCE> 39
 2.538251e+01 1.349101e+01 1.605202e+01 2.042250e+01 2.839961e+01 2.248438e+01 3.206206e+01 3.438311e+01 2.548290e+01 2.413964e+01 2.048467e+01 1.656740e+01 1.100509e+02 2.151558e+00 9.003700e-01 1.249985e+00 1.522750e+00 2.116267e+00 1.992301e+00 2.316835e+00 2.260097e+00 2.124843e+00 2.048512e+00 2.009850e+00 1.535066e+00 9.137305e+00 3.343776e-01 1.564906e-01 2.238476e-01 3.076793e-01 4.246352e-01 3.978923e-01 4.311714e-01 4.317832e-01 3.773737e-01 3.759390e-01 3.728896e-01 2.837674e-01 1.294168e+00
<GCONST> 1.099034e+02
<STATE> 3
<NUMMIXES> 2
<MIXTURE> 1 4.572364e-01
<MEAN> 39
 -1.074177e+01 3.057616e+00 2.960075e+00 4.170182e+00 4.656767e+00 1.608498e+00 5.274386e+00 -1.246694e-01 3.566732e+00 2.114911e+00 3.420613e+00 1.268666e+00 6.782267e+01 2.891881e-01 6.222629e-02 1.468003e-01 9.429024e-02 2.439389e-01 2.073115e-01 2.365691e-01 1.513854e-01 1.126395e-01 7.621510e-02 6.279531e-02 -2.063838e-02 -7.202218e-01 2.877381e-03 -1.475714e-03 -1.639283e-02 -3.368559e-02 -2.920091e-02 -1.527697e-02 -1.811644e-02 -7.279146e-03 -6.901119e-03 -3.886929e-03 -8.997642e-03 -1.348146e-02 2.085926e-03
<VARIANCE> 39
 1.282545e+01 9.854858e+00 1.138266e+01 1.189404e+01 1.585614e+01 1.470288e+01 1.721305e+01 1.489092e+01 1.539278e+01 1.415750e+01 1.336707e+01 1.405448e+01 4.714598e+01 1.350505e-01 2.503880e-01 4.211468e-01 6.315965e-01 8.838695e-01 1.042113e+00 1.178848e+00 1.234062e+00 1.327948e+00 1.340454e+00 1.281824e+00 1.167246e+00 7.407809e-02 2.632423e-02 5.021828e-02 8.671106e-02 1.283803e-01 1.764721e-01 2.160951e-01 2.428103e-01 2.552710e-01 2.758701e-01 2.743991e-01 2.594197e-01 2.385276e-01 1.242086e-02
<GCONST> 7.392827e+01
<MIXTURE> 2 5.427193e-01
<MEAN> 39
 -1.436693e+01 -7.513034e-01 -2.127309e+00 -8.554806e-01 -1.155882e+00 -3.069743e+00 2.579931e-01 -2.966021e+00 1.441894e+00 2.635675e+00 3.514012e+00 -1.327217e-01 6.773074e+01 2.910675e-01 -4.156828e-02 6.185295e-02 8.376897e-02 3.974567e-01 7.752631e-02 -5.205712e-02 -2.269043e-01 -2.157016e-01 -1.905572e-01 -1.208262e-01 -2.773796e-01 -7.017171e-01 -1.506248e-03 -9.094760e-03 -9.602580e-03 -2.256675e-02 -8.188922e-03 2.921580e-02 3.618095e-02 2.206383e-02 1.048069e-03 -1.101255e-02 -2.927131e-02 -3.794309e-03 -5.748770e-04
<VARIANCE> 39
 6.189435e+00 4.988709e+00 6.097791e+00 9.902737e+00 2.138377e+01 1.355050e+01 1.381245e+01 1.559106e+01 1.506873e+01 1.535717e+01 1.483751e+01 1.560300e+01 2.665907e+01 1.348641e-01 2.696074e-01 4.442718e-01 7.157829e-01 1.032421e+00 1.127475e+00 1.230237e+00 1.341442e+00 1.362461e+00 1.458255e+00 1.429031e+00 1.260844e+00 6.138628e-02 2.866158e-02 5.571456e-02 9.389036e-02 1.448739e-01 2.133000e-01 2.380368e-01 2.589203e-01 2.826660e-01 2.868126e-01 3.056423e-01 3.010498e-01 2.671162e-01 1.242038e-02
<GCONST> 7.342328e+01
<STATE> 4
<NUMMIXES> 2
<MIXTURE> 1 4.772769e-01
<MEAN> 39
 -9.566748e+00 1.494303e+00 2.481070e+00 6.662352e-01 3.533404e+00 1.461435e+00 3.788765e+00 1.109077e+00 2.740633e+00 -3.469563e-01 1.832888e+00 -2.952240e-01 5.584632e+01 1.365269e-01 1.458036e-01 2.223074e-01 2.222492e-01 2.956530e-01 3.420474e-01 3.186323e-01 3.161861e-01 2.537577e-01 2.211552e-01 1.759303e-01 1.153435e-01 -2.289726e-01 3.208187e-03 -8.536670e-04 -7.477254e-04 7.820044e-03 1.164562e-02 1.703828e-02 1.078837e-02 2.748876e-02 2.118053e-02 3.232055e-02 1.376557e-02 -4.053414e-04 -3.261459e-02
<VARIANCE> 39
 1.728880e+01 1.384421e+01 2.001918e+01 2.141725e+01 2.115552e+01 2.463301e+01 2.775606e+01 2.028794e+01 2.723455e+01 2.450603e+01 1.761278e+01 1.599910e+01 7.489978e+01 3.594129e-01 4.277581e-01 5.457565e-01 8.029481e-01 9.821317e-01 1.220465e+00 1.368755e+00 1.366493e+00 1.529366e+00 1.520875e+00 1.385038e+00 1.231046e+00 4.441309e-01 8.366036e-02 8.403883e-02 1.125343e-01 1.736870e-01 2.166447e-01 2.650689e-01 2.880395e-01 2.913444e-01 3.196286e-01 3.138865e-01 2.861550e-01 2.530521e-01 8.196269e-02
<GCONST> 8.928831e+01
<MIXTURE> 2 5.226880e-01
<MEAN> 39
 -9.824368e+00 -2.102265e-01 6.541674e-02 -1.673476e+00 1.667466e+00 -2.290623e-01 2.304293e+00 5.848746e-01 1.796237e+00 -2.074941e-01 1.347109e+00 -1.228640e+00 5.330748e+01 -9.410150e-02 -1.138804e-01 -1.684217e-01 -1.823418e-01 -2.636565e-01 -2.856349e-01 -2.533282e-01 -2.431952e-01 -2.071130e-01 -2.115168e-01 -1.757946e-01 -8.650918e-02 1.532143e-01 -5.706044e-03 1.317732e-03 1.490183e-03 -3.992409e-03 -1.035766e-02 -1.678037e-02 -1.285438e-02 -2.797395e-02 -1.942722e-02 -2.642029e-02 -9.077201e-03 2.101276e-03 3.249651e-02
<VARIANCE> 39
 1.715193e+01 1.163360e+01 1.426803e+01 1.446738e+01 1.715044e+01 2.168962e+01 2.359322e+01 2.263532e+01 2.364284e+01 2.217295e+01 1.812358e+01 1.637361e+01 2.566889e+01 7.686928e-01 6.014719e-01 7.825378e-01 1.006098e+00 1.213281e+00 1.456771e+00 1.624980e+00 1.654946e+00 1.711131e+00 1.654904e+00 1.499518e+00 1.344420e+00 1.165342e+00 1.094298e-01 1.099652e-01 1.469921e-01 1.920122e-01 2.420207e-01 2.935123e-01 3.302017e-01 3.379493e-01 3.384306e-01 3.344044e-01 3.035344e-01 2.702292e-01 1.393577e-01
<GCONST> 9.267040e+01
<TRANSP> 5
 0.000000e+00 1.000000e+00 0.000000e+00 0.000000e+00 0.000000e+00
 0.000000e+00 9.405851e-01 5.941487e-02 0.000000e+00 0.000000e+00
 0.000000e+00 0.000000e+00 9.569689e-01 4.303111e-02 0.000000e+00
 0.000000e+00 0.000000e+00 0.000000e+00 9.928640e-01 7.136005e-03
 0.000000e+00 0.000000e+00 0.000000e+00 0.000000e+00 0.000000e+00
<ENDHMM>
~h "kj"
<BEGINHMM>
<NUMSTATES> 5
<STATE> 2
<NUMMIXES> 2
<MIXTURE> 1 5.130264e-01
<MEAN> 39
 -2.017618e+01 3.501472e+00 -4.950152e-01 -2.859566e+00 -1.351983e+00 3.352267e+00 2.104277e+00 3.881224e+00 1.451157e+00 -2.965719e-01 1.308096e+00 -9.769230e-01 5.576316e+01 6.494876e-02 1.405924e-01 1.177643e-01 1.541144e-01 2.279810e-01 2.752604e-01 2.764776e-01 2.949701e-01 2.755236e-01 2.552914e-01 2.117379e-01 1.301739e-01 -7.273117e-02 -3.128801e-03 6.885508e-03 2.138999e-02 3.524632e-02 2.638295e-02 3.122218e-02 3.875287e-02 2.941632e-02 2.598167e-02 3.218547e-02 1.828248e-02 1.002344e-02 8.832268e-03
<VARIANCE> 39
 3.232978e+01 2.268920e+01 1.666200e+01 2.750564e+01 1.683003e+01 3.250261e+01 3.005237e+01 2.135394e+01 2.054165e+01 2.106326e+01 1.672272e+01 1.656324e+01 2.257845e+01 5.436707e-01 4.193664e-01 6.381023e-01 8.462304e-01 1.037752e+00 1.282260e+00 1.430763e+00 1.468034e+00 1.474589e+00 1.500239e+00 1.398448e+00 1.282836e+00 2.521753e-01 9.331729e-02 8.245838e-02 1.253557e-01 1.734631e-01 2.147819e-01 2.681057e-01 2.985270e-01 3.112736e-01 3.134301e-01 3.184115e-01 2.940617e-01 2.627786e-01 4.369691e-02
<GCONST> 8.899463e+01
<MIXTURE> 2 4.869654e-01
<MEAN> 39
 -1.980816e+01 2.014066e+00 -9.613102e-01 -2.670400e+00 -1.534189e+00 2.756879e+00 2.175909e+00 3.206686e+00 1.074139e+00 2.431546e-01 1.211141e+00 -1.052018e+00 5.679214e+01 -1.191156e-01 -1.135786e-01 -1.128756e-01 -1.693019e-01 -2.446911e-01 -2.784061e-01 -2.800531e-01 -3.105521e-01 -2.865071e-01 -2.715803e-01 -2.210225e-01 -1.367903e-01 9.012122e-02 6.886157e-03 -1.077210e-02 -2.365390e-02 -3.616841e-02 -2.881363e-02 -3.500048e-02 -4.273910e-02 -3.162695e-02 -2.923585e-02 -3.203301e-02 -1.970765e-02 -1.033798e-02 -9.410850e-03
<VARIANCE> 39
 3.453955e+01 2.857544e+01 2.119075e+01 2.544132e+01 1.774734e+01 3.563269e+01 2.919183e+01 2.376413e+01 2.124336e+01 2.085629e+01 1.716088e+01 1.650564e+01 2.625004e+01 7.715392e-01 7.201597e-01 8.787351e-01 9.662890e-01 1.172065e+00 1.421308e+00 1.570525e+00 1.583902e+00 1.566040e+00 1.564023e+00 1.454316e+00 1.324582e+00 5.614684e-01 1.242553e-01 1.315026e-01 1.616157e-01 1.886562e-01 2.355856e-01 2.909560e-01 3.190781e-01 3.303707e-01 3.277115e-01 3.264875e-01 3.007930e-01 2.690499e-01 8.408494e-02
<GCONST> 9.474600e+01
<STATE> 3
<NUMMIXES> 2
<MIXTURE> 1 6.047361e-01
<MEAN> 39
 -1.402188e+01 -8.540193e+00 -5.695488e+00 -1.854511e+00 -1.840854e+00 -4.537370e+00 -2.461341e+00 -2.684269e+00 -1.176619e+00 1.618207e-01 5.833747e-01 4.372597e-03 6.335138e+01 1.660371e-01 2.805584e-01 1.107221e-01 2.121894e-01 2.428239e-01 2.773646e-01 3.015719e-01 2.864779e-01 2.263220e-01 2.365202e-01 1.694809e-01 8.523846e-02 -5.229853e-01 -3.372158e-02 2.086578e-03 5.374581e-02 -5.384691e-03 -1.068160e-03 3.141800e-02 4.010038e-02 4.796248e-02 2.409186e-02 1.839651e-02 1.510588e-02 -4.882587e-03 1.996461e-02
<VARIANCE> 39
 1.817228e+01 2.873174e+01 1.243816e+01 1.397867e+01 1.691271e+01 1.675511e+01 1.993599e+01 2.008106e+01 1.848268e+01 1.650051e+01 1.541800e+01 1.328189e+01 6.053074e+01 3.107727e-01 4.775904e-01 6.124844e-01 7.635238e-01 9.498865e-01 1.123622e+00 1.306914e+00 1.357084e+00 1.412231e+00 1.358104e+00 1.280484e+00 1.180370e+00 3.413422e-01 5.829994e-02 1.444462e-01 1.318886e-01 1.604488e-01 2.070153e-01 2.524334e-01 2.881516e-01 2.971883e-01 3.088413e-01 2.937185e-01 2.740595e-01 2.452324e-01 9.478004e-02
<GCONST> 8.633963e+01
<MIXTURE> 2 3.952526e-01
<MEAN> 39
 -1.666314e+01 -9.473838e+00 -4.988056e+00 -3.209466e+00 -3.189515e+00 -4.276319e+00 -2.743580e+00 -2.312783e+00 -1.170967e+00 -1.820518e-01 7.207811e-01 -2.762150e-01 6.734598e+01 -3.328465e-02 -8.182921e-01 -2.790185e-01 -2.253247e-01 -3.109253e-01 -6.341199e-01 -5.672644e-01 -5.956768e-01 -4.018691e-01 -3.250088e-01 -2.672811e-01 -7.765485e-02 9.188156e-01 5.257589e-02 5.029260e-02 -3.599016e-02 1.757891e-02 2.112808e-02 3.780043e-03 1.111023e-02 -3.243636e-02 -1.585982e-02 -1.423862e-02 -2.510551e-02 -1.170210e-02 -9.124625e-02
<VARIANCE> 39
 2.018076e+01 4.780490e+01 1.972091e+01 2.042835e+01 1.932872e+01 2.672347e+01 2.731397e+01 2.502957e+01 2.093057e+01 1.888349e+01 1.755903e+01 1.581054e+01 8.097991e+01 1.197441e+00 4.078808e+00 1.780179e+00 1.384070e+00 1.549591e+00 2.193288e+00 2.304992e+00 2.005795e+00 1.771948e+00 1.697469e+00 1.556275e+00 1.545522e+00 4.307324e+00 1.712914e-01 6.531905e-01 3.093808e-01 2.600540e-01 2.954063e-01 4.253759e-01 4.456803e-01 4.105690e-01 3.705711e-01 3.530258e-01 3.182158e-01 3.070787e-01 6.452135e-01
<GCONST> 1.087230e+02
<STATE> 4
<NUMMIXES> 2
<MIXTURE> 1 5.784431e-01
<MEAN> 39
 -2.233695e+01 1.739775e+00 2.603362e+00 1.459342e+00 -2.576874e+00 4.935688e-01 7.841386e+00 4.360926e-01 -2.357957e+00 5.230352e+00 4.205729e-01 -3.893991e+00 5.559052e+01 1.016732e-01 1.342133e-01 1.377980e-01 1.008612e-01 1.787008e-01 2.193251e-01 2.112777e-01 2.329969e-01 2.266647e-01 1.687106e-01 1.444914e-01 7.981242e-02 -1.196855e-01 7.176400e-03 1.946086e-03 9.050386e-03 1.019832e-02 1.426419e-02 1.350645e-02 6.836079e-03 2.472422e-02 2.659851e-02 1.024475e-02 1.962046e-02 2.169485e-02 4.566486e-03
<VARIANCE> 39
 3.096628e+01 1.326353e+01 1.260402e+01 1.633579e+01 1.654874e+01 1.734890e+01 2.503774e+01 1.867657e+01 2.076455e+01 2.101692e+01 1.723042e+01 1.483590e+01 1.917514e+01 3.830955e-01 4.501069e-01 5.510696e-01 8.252842e-01 1.024504e+00 1.179053e+00 1.482993e+00 1.417517e+00 1.473588e+00 1.603745e+00 1.392439e+00 1.250696e+00 2.258718e-01 6.752183e-02 9.017354e-02 1.091911e-01 1.656413e-01 2.119043e-01 2.449436e-01 3.003991e-01 2.974340e-01 3.152134e-01 3.342115e-01 2.879464e-01 2.542981e-01 3.720290e-02
<GCONST> 8.507563e+01
<MIXTURE> 2 4.215373e-01
<MEAN> 39
 -1.984858e+01 -1.075780e+00 5.071534e-01 2.209469e-01 -2.703257e+00 -1.264411e+00 5.072754e+00 -3.586081e-01 -2.070706e+00 3.892888e+00 4.901997e-01 -2.620774e+00 5.746204e+01 -6.423394e-02 -1.678191e-01 -1.684257e-01 -1.535978e-01 -2.273028e-01 -2.895069e-01 -2.791219e-01 -2.897855e-01 -2.913249e-01 -2.511677e-01 -2.060319e-01 -1.157219e-01 8.280482e-02 -4.340319e-03 -5.880093e-03 -1.879553e-02 -1.951076e-02 -1.891507e-02 -2.191402e-02 -2.180600e-02 -3.716949e-02 -3.756053e-02 -2.183691e-02 -2.528512e-02 -2.579851e-02 -6.603721e-03
<VARIANCE> 39
 4.451197e+01 4.472951e+01 2.394680e+01 2.084120e+01 1.839128e+01 2.599716e+01 4.221482e+01 2.341683e+01 2.115634e+01 2.574776e+01 1.739872e+01 1.756257e+01 4.524090e+01 5.845430e-01 1.149194e+00 8.285298e-01 1.012060e+00 1.208775e+00 1.383910e+00 1.784992e+00 1.580264e+00 1.577450e+00 1.742803e+00 1.450885e+00 1.353599e+00 9.027209e-01 9.105951e-02 1.915822e-01 1.566079e-01 1.932114e-01 2.398832e-01 2.822772e-01 3.542137e-01 3.285857e-01 3.224721e-01 3.519605e-01 2.928279e-01 2.712604e-01 1.270005e-01
<GCONST> 9.778606e+01
<TRANSP> 5
 0.000000e+00 1.000000e+00 0.000000e+00 0.000000e+00 0.000000e+00
 0.000000e+00 9.941362e-01 5.863820e-03 0.000000e+00 0.000000e+00
 0.000000e+00 0.000000e+00 9.729698e-01 2.703017e-02 0.000000e+00
 0.000000e+00 0.000000e+00 0.000000e+00 9.906882e-01 9.311781e-03
 0.000000e+00 0.000000e+00 0.000000e+00 0.000000e+00 0.000000e+00
<ENDHMM>
~h "kn"
<BEGINHMM>
<NUMSTATES> 5
<STATE> 2
<NUMMIXES> 2
<MIXTURE> 1 4.589781e-01
<MEAN> 39
 2.915293e+00 -6.259507e-01 -5.995079e+00 -3.383538e+00 8.305409e-01 -2.521025e+00 -1.856652e-01 -2.974480e+00 1.475909e+00 -4.240249e-01 3.926539e-01 -9.192963e-01 6.208996e+01 -2.579819e-02 2.633232e-01 2.223654e-02 2.869644e-01 3.799131e-01 1.187470e-01 6.933737e-01 8.807984e-02 9.318434e-01 6.515666e-01 6.617222e-01 4.779253e-01 1.817131e+00 -2.779105e-01 2.815143e-01 3.108902e-01 9.326337e-02 1.053133e-01 3.394660e-01 1.614172e-01 2.507541e-01 -9.019715e-02 3.614970e-02 -4.243206e-03 1.592401e-03 -7.073125e-01
<VARIANCE> 39
 2.007838e+01 4.171948e+01 2.327882e+01 1.641660e+01 2.452501e+01 2.905829e+01 3.085146e+01 3.348748e+01 2.860619e+01 2.266442e+01 2.208834e+01 1.930218e+01 5.300455e+01 2.631772e+00 1.778679e+00 2.064085e+00 1.355703e+00 1.607129e+00 2.684451e+00 2.785856e+00 3.101694e+00 2.268040e+00 2.064530e+00 2.086195e+00 1.725336e+00 6.325896e+00 3.967578e-01 2.781258e-01 2.814801e-01 2.254132e-01 2.753066e-01 4.275413e-01 4.913412e-01 5.742269e-01 4.450639e-01 4.166470e-01 3.813084e-01 3.248329e-01 6.161477e-01
<GCONST> 1.125988e+02
<MIXTURE> 2 5.410151e-01
<MEAN> 39
 -2.008521e+00 4.084115e+00 -2.404044e-01 -3.034913e+00 1.634456e+00 1.649398e+00 1.415284e+00 4.432918e-01 5.358756e-04 8.917447e-01 -1.780308e-01 -1.228469e+00 5.199045e+01 2.766375e-01 -2.290812e-01 -2.566367e-01 -6.680492e-03 -7.340367e-02 -3.387650e-01 -2.627286e-01 -4.604702e-01 -1.532495e-01 -2.691305e-01 -1.798727e-01 -1.528714e-01 5.216997e-01 1.805536e-01 -1.096847e-01 -1.759354e-01 -2.642367e-02 -3.668584e-02 -1.259059e-01 -9.411265e-02 -1.103815e-01 1.191968e-02 -3.386135e-02 1.082388e-02 1.881541e-02 1.922371e-01
<VARIANCE> 39
 2.710437e+01 2.259942e+01 2.340237e+01 1.035640e+01 2.384321e+01 2.059308e+01 3.045594e+01 3.714159e+01 2.168414e+01 2.230110e+01 2.328740e+01 1.477934e+01 8.441140e+01 1.675242e+00 1.162392e+00 1.585874e+00 9.469539e-01 1.237935e+00 1.991092e+00 1.938868e+00 2.702082e+00 1.690125e+00 1.761089e+00 1.649907e+00 1.450161e+00 3.723830e+00 1.855298e-01 1.308502e-01 1.998533e-01 1.673169e-01 2.199849e-01 2.907324e-01 3.499990e-01 3.914009e-01 3.617468e-01 3.434646e-01 3.219373e-01 2.664736e-01 4.466398e-01
<GCONST> 1.029790e+02
<STATE> 3
<NUMMIXES> 2
<MIXTURE> 1 5.217450e-01
<MEAN> 39
 5.302012e+00 -1.692945e+00 -4.461404e+00 -2.352969e-01 3.574441e+00 -8.301549e-01 1.769080e+00 -1.678895e+00 1.906446e+00 6.454216e-01 1.545452e+00 3.677129e-01 6.142885e+01 4.326035e-02 2.767306e-01 2.382336e-01 3.291824e-01 3.373396e-01 4.442986e-01 3.580974e-01 4.053201e-01 2.359518e-01 3.668602e-01 3.014987e-01 2.628812e-01 -3.997228e-01 -1.722733e-03 7.068672e-02 9.112966e-02 8.161080e-02 6.936970e-02 8.564354e-02 9.057056e-03 5.268894e-02 -3.265037e-02 -2.634164e-03 -1.902825e-02 -2.534929e-02 -1.803413e-01
<VARIANCE> 39
 1.222766e+01 2.442029e+01 1.583968e+01 1.543626e+01 2.035327e+01 2.581817e+01 2.248527e+01 2.184100e+01 2.114997e+01 1.983759e+01 1.714790e+01 1.634839e+01 3.142985e+01 3.250167e-01 5.441447e-01 6.252316e-01 8.148044e-01 1.070166e+00 1.252964e+00 1.401595e+00 1.484566e+00 1.499591e+00 1.434255e+00 1.352880e+00 1.232715e+00 8.498449e-01 6.946022e-02 1.630171e-01 1.435935e-01 1.941699e-01 2.395744e-01 3.162136e-01 3.263844e-01 3.622441e-01 3.452148e-01 3.378001e-01 3.073691e-01 2.768705e-01 2.424500e-01
<GCONST> 9.138750e+01
<MIXTURE> 2 4.782457e-01
<MEAN> 39
 5.549570e+00 -7.065948e-01 -3.713538e+00 1.527245e-01 3.642861e+00 -5.852737e-01 9.448795e-01 -1.560952e+00 8.434865e-01 6.458531e-02 8.784758e-01 -3.629645e-01 5.859695e+01 3.883532e-02 -3.220764e-01 -2.083321e-01 -2.782903e-01 -3.168911e-01 -4.553542e-01 -3.570263e-01 -4.093401e-01 -3.037062e-01 -3.944144e-01 -3.301468e-01 -2.723310e-01 3.174873e-01 5.162154e-03 -8.509877e-02 -9.979069e-02 -9.205687e-02 -7.803028e-02 -9.634049e-02 -2.089033e-02 -5.697946e-02 1.889199e-02 -7.612538e-03 9.446945e-03 1.753112e-02 1.707485e-01
<VARIANCE> 39
 1.229269e+01 2.625215e+01 1.593556e+01 1.554589e+01 2.072082e+01 2.468945e+01 2.223179e+01 2.179865e+01 2.084306e+01 2.000631e+01 1.692709e+01 1.609365e+01 3.490244e+01 5.456966e-01 1.160681e+00 9.688858e-01 1.072616e+00 1.316626e+00 1.707380e+00 1.606469e+00 1.827762e+00 1.756628e+00 1.613169e+00 1.538789e+00 1.390435e+00 2.759179e+00 8.412621e-02 1.780420e-01 1.568631e-01 1.994621e-01 2.565607e-01 3.342375e-01 3.487846e-01 3.773916e-01 3.540664e-01 3.543805e-01 3.311009e-01 2.924429e-01 3.610314e-01
<GCONST> 9.728727e+01
<STATE> 4
<NUMMIXES> 2
<MIXTURE> 1 5.044692e-01
<MEAN> 39
 4.060180e+00 6.918586e-01 -1.652450e+00 1.108601e+00 5.118828e+00 2.210808e+00 2.717194e+00 3.209420e-01 1.935972e-01 3.762245e-01 9.482692e-01 -3.800773e-01 5.424048e+01 -7.385750e-02 2.648222e-01 3.540654e-01 2.222753e-01 2.432151e-01 4.521676e-01 2.359037e-01 4.153337e-01 1.922829e-01 2.686274e-01 2.082423e-01 8.848010e-02 -5.206915e-01 1.034590e-02 2.629153e-02 4.592170e-02 4.058241e-02 4.074601e-02 5.245966e-02 6.038148e-02 6.780502e-02 7.393327e-02 5.477369e-02 4.164673e-02 1.913733e-02 3.445235e-02
<VARIANCE> 39
 1.295550e+01 1.650695e+01 1.541772e+01 1.374830e+01 2.305413e+01 2.336704e+01 2.525878e+01 2.105803e+01 2.339406e+01 2.155418e+01 1.845005e+01 1.754430e+01 3.587896e+01 1.613483e-01 2.697318e-01 4.240126e-01 6.073899e-01 8.395928e-01 9.902820e-01 1.164149e+00 1.234144e+00 1.312384e+00 1.364463e+00 1.291882e+00 1.199398e+00 1.013819e-01 2.135141e-02 4.456316e-02 8.313838e-02 1.245293e-01 1.718661e-01 2.062515e-01 2.439739e-01 2.556559e-01 2.772579e-01 2.848163e-01 2.640373e-01 2.415842e-01 6.774852e-03
<GCONST> 7.703821e+01
<MIXTURE> 2 4.955214e-01
<MEAN> 39
 3.414880e+00 2.047420e+00 -5.100890e-01 6.164048e-01 4.364851e+00 1.970916e+00 1.591416e+00 6.660858e-01 -2.065975e-01 4.872304e-02 3.551430e-01 -1.051288e+00 5.278124e+01 -2.230729e-01 3.706463e-02 3.581351e-02 -1.767942e-01 -1.999823e-01 -6.278796e-02 -2.726705e-01 -1.304101e-01 -3.612498e-01 -3.011231e-01 -2.767109e-01 -2.055515e-01 -4.728165e-01 -3.100466e-02 -4.892376e-02 -6.339785e-02 -7.363289e-02 -7.829174e-02 -8.121014e-02 -7.411359e-02 -8.698674e-02 -6.801473e-02 -6.030056e-02 -4.156516e-02 -2.690266e-02 1.167510e-02
<VARIANCE> 39
 2.179216e+01 2.055701e+01 1.848732e+01 1.420418e+01 2.106014e+01 2.227833e+01 2.232216e+01 2.168740e+01 2.162737e+01 2.014491e+01 1.696876e+01 1.592973e+01 3.836750e+01 1.731426e-01 2.889087e-01 4.333337e-01 6.203468e-01 8.347972e-01 9.959877e-01 1.186765e+00 1.259398e+00 1.289771e+00 1.358470e+00 1.286958e+00 1.189838e+00 1.254946e-01 2.317697e-02 4.736050e-02 8.147118e-02 1.273076e-01 1.692034e-01 2.040364e-01 2.466788e-01 2.597106e-01 2.689776e-01 2.883261e-01 2.691625e-01 2.452699e-01 8.177554e-03
<GCONST> 7.825110e+01
<TRANSP> 5
 0.000000e+00 1.000000e+00 0.000000e+00 0.000000e+00 0.000000e+00
 0.000000e+00 8.964668e-01 1.035332e-01 0.000000e+00 0.000000e+00
 0.000000e+00 0.000000e+00 9.841022e-01 1.589783e-02 0.000000e+00
 0.000000e+00 0.000000e+00 0.000000e+00 9.599526e-01 4.004739e-02
 0.000000e+00 0.000000e+00 0.000000e+00 0.000000e+00 0.000000e+00
<ENDHMM>
~h "kt"
<BEGINHMM>
<NUMSTATES> 5
<STATE> 2
<NUMMIXES> 2
<MIXTURE> 1 4.997939e-01
<MEAN> 39
 -1.250219e+01 -1.149705e-01 -7.304562e+00 -2.578512e+00 -2.267695e-01 1.780790e-02 4.883953e+00 2.065731e+00 2.175890e+00 4.224039e-01 7.787316e-01 -1.220677e+00 5.681054e+01 2.216014e-01 6.785677e-02 2.243906e-01 2.673518e-01 3.412839e-01 3.651067e-01 4.006729e-01 3.567734e-01 3.428403e-01 3.199921e-01 3.064816e-01 1.660541e-01 -1.318124e-01 9.886018e-02 1.838758e-02 2.027500e-02 3.523824e-02 8.681998e-02 1.091098e-01 1.095506e-01 4.582832e-02 6.606195e-03 2.730019e-02 3.029129e-02 6.952671e-03 -1.313716e-01
<VARIANCE> 39
 1.744462e+01 7.658011e+00 8.421956e+00 1.211299e+01 1.403768e+01 1.904553e+01 1.866045e+01 1.671626e+01 1.808532e+01 1.581468e+01 1.559864e+01 1.408413e+01 2.542365e+01 7.791509e-01 4.366500e-01 5.897235e-01 8.209835e-01 1.076869e+00 1.324592e+00 1.442912e+00 1.418413e+00 1.500895e+00 1.466111e+00 1.380651e+00 1.248234e+00 9.548695e-01 2.137014e-01 9.295052e-02 1.328151e-01 1.849112e-01 2.479752e-01 3.081144e-01 3.347341e-01 3.172640e-01 3.395372e-01 3.309631e-01 3.075349e-01 2.664544e-01 2.497399e-01
<GCONST> 8.885239e+01
<MIXTURE> 2 5.001927e-01
<MEAN> 39
 -1.136134e+01 -4.779418e-02 -7.174676e+00 -2.334702e+00 5.966110e-01 1.217413e+00 5.907272e+00 2.440573e+00 2.073471e+00 5.817053e-01 1.025340e+00 -1.254560e+00 5.527248e+01 -2.309108e-01 -6.084189e-02 -2.309763e-01 -2.579468e-01 -3.386597e-01 -3.751723e-01 -4.021173e-01 -3.623475e-01 -3.486256e-01 -3.282511e-01 -3.087239e-01 -1.700885e-01 1.506934e-01 -9.461756e-02 -1.829620e-02 -1.621345e-02 -3.417297e-02 -8.513036e-02 -1.093577e-01 -1.105147e-01 -4.720779e-02 -8.255048e-03 -2.794309e-02 -3.125085e-02 -6.832989e-03 1.254261e-01
<VARIANCE> 39
 1.676713e+01 7.778464e+00 8.246895e+00 1.155467e+01 1.272523e+01 1.824994e+01 1.676523e+01 1.622908e+01 1.720311e+01 1.517782e+01 1.490393e+01 1.359564e+01 1.947798e+01 1.429732e+00 5.344961e-01 6.514909e-01 9.216615e-01 1.140096e+00 1.492918e+00 1.524567e+00 1.477861e+00 1.610388e+00 1.512301e+00 1.433194e+00 1.315504e+00 1.695809e+00 2.107099e-01 9.710986e-02 1.345282e-01 1.862574e-01 2.341316e-01 2.961229e-01 3.124805e-01 3.209586e-01 3.387495e-01 3.250221e-01 3.022451e-01 2.649008e-01 2.074282e-01
<GCONST> 8.977335e+01
<STATE> 3
<NUMMIXES> 2
<MIXTURE> 1 5.253132e-01
<MEAN> 39
 -1.248415e+01 1.683662e+00 -3.846376e+00 -1.462501e-01 4.028510e-01 -2.061136e+00 2.280674e+00 1.507710e+00 1.558570e+00 -1.089322e+00 -1.058534e-01 -1.440859e+00 5.342283e+01 3.227923e-01 7.275096e-02 2.178992e-01 1.693682e-01 3.283585e-01 3.402285e-01 3.877959e-01 2.858723e-01 3.049405e-01 2.791625e-01 2.571477e-01 1.628558e-01 -4.307076e-01 3.669012e-03 4.397339e-02 9.199811e-03 3.059245e-02 2.661467e-02 3.897896e-02 3.215580e-02 6.216156e-02 1.445342e-02 3.154976e-02 1.960179e-02 4.986847e-03 -5.498900e-02
<VARIANCE> 39
 7.927600e+00 8.550682e+00 9.879975e+00 1.219793e+01 1.446484e+01 1.480880e+01 1.748403e+01 1.708688e+01 1.836746e+01 1.757202e+01 1.641429e+01 1.387539e+01 1.921659e+01 4.350668e-01 3.958395e-01 5.851651e-01 8.214269e-01 1.035850e+00 1.150671e+00 1.281755e+00 1.390038e+00 1.463209e+00 1.463682e+00 1.371155e+00 1.239585e+00 5.943178e-01 1.342483e-01 8.632102e-02 1.365791e-01 1.787739e-01 2.408167e-01 2.633173e-01 3.023832e-01 3.069178e-01 3.341197e-01 3.310862e-01 3.079127e-01 2.691013e-01 2.220198e-01
<GCONST> 8.544324e+01
<MIXTURE> 2 4.746569e-01
<MEAN> 39
 -1.270055e+01 2.077682e+00 -3.836943e+00 4.892226e-02 4.785403e-01 -1.861346e+00 2.352973e+00 1.979033e+00 1.488443e+00 -1.051556e+00 -1.720817e-01 -1.586660e+00 5.323563e+01 -3.501328e-01 -6.914027e-02 -2.476556e-01 -1.770544e-01 -3.400835e-01 -3.798963e-01 -4.110166e-01 -3.298448e-01 -3.314173e-01 -3.167527e-01 -2.839234e-01 -1.822282e-01 4.671517e-01 1.102343e-02 -4.960978e-02 -7.564651e-03 -3.765577e-02 -2.419586e-02 -2.889871e-02 -2.409337e-02 -5.803152e-02 -8.055573e-03 -2.355894e-02 -1.541879e-02 -2.240030e-03 3.699500e-02
<VARIANCE> 39
 1.109991e+01 9.819953e+00 1.100627e+01 1.407509e+01 1.579447e+01 1.686758e+01 1.902639e+01 1.885010e+01 1.979379e+01 1.862964e+01 1.710247e+01 1.449194e+01 2.314826e+01 1.147255e+00 6.321041e-01 8.387378e-01 1.101761e+00 1.389872e+00 1.434531e+00 1.604469e+00 1.678295e+00 1.791741e+00 1.762231e+00 1.620372e+00 1.443395e+00 2.116390e+00 2.228801e-01 1.106500e-01 1.698531e-01 2.163997e-01 2.892528e-01 3.094490e-01 3.461986e-01 3.467135e-01 3.679058e-01 3.615278e-01 3.295506e-01 2.921734e-01 3.598635e-01
<GCONST> 9.455398e+01
<STATE> 4
<NUMMIXES> 2
<MIXTURE> 1 5.241749e-01
<MEAN> 39
 -9.907115e+00 3.079434e+00 -2.745154e+00 -5.403002e-01 6.033763e-01 3.106754e-01 3.194626e+00 3.016611e+00 2.301851e+00 -1.728035e-01 2.103498e-01 -1.804075e+00 4.885214e+01 2.282326e-01 4.535172e-02 2.272815e-01 1.513159e-01 2.842249e-01 3.477013e-01 3.533346e-01 3.442588e-01 2.961483e-01 2.873989e-01 2.276385e-01 1.386040e-01 -2.439951e-01 -1.085048e-02 2.227963e-02 9.098854e-03 2.974575e-02 1.202643e-02 2.789064e-02 1.653783e-02 4.473022e-02 2.311642e-02 2.945738e-02 1.837790e-02 9.575067e-03 -2.965804e-04
<VARIANCE> 39
 9.931847e+00 8.524485e+00 1.192054e+01 1.212117e+01 1.674839e+01 1.634371e+01 1.966581e+01 1.714379e+01 1.691408e+01 1.697401e+01 1.454039e+01 1.267774e+01 1.182163e+01 3.993132e-01 3.871901e-01 5.513669e-01 7.385085e-01 9.251402e-01 1.069135e+00 1.227755e+00 1.287188e+00 1.363119e+00 1.360589e+00 1.266859e+00 1.157084e+00 2.823282e-01 1.015417e-01 8.156197e-02 1.231493e-01 1.578555e-01 2.066461e-01 2.384947e-01 2.759256e-01 2.860411e-01 2.978655e-01 2.953573e-01 2.713689e-01 2.414254e-01 8.808684e-02
<GCONST> 8.141605e+01
<MIXTURE> 2 4.757948e-01
<MEAN> 39
 -1.030364e+01 3.012693e+00 -3.020755e+00 -5.671259e-01 2.191128e-01 9.646969e-02 3.001998e+00 3.168597e+00 2.343819e+00 -1.415907e-01 1.386850e-01 -1.849753e+00 4.913466e+01 -2.076955e-01 -6.046936e-02 -2.309671e-01 -1.857436e-01 -3.094196e-01 -3.610730e-01 -3.792730e-01 -3.654053e-01 -3.249268e-01 -3.063804e-01 -2.456453e-01 -1.518457e-01 2.154971e-01 8.380472e-03 -2.614349e-02 -1.200081e-02 -3.284875e-02 -1.607353e-02 -3.542457e-02 -2.470170e-02 -5.300258e-02 -2.802860e-02 -3.432173e-02 -2.101786e-02 -1.041200e-02 5.984640e-03
<VARIANCE> 39
 1.268491e+01 1.001473e+01 1.257675e+01 1.367428e+01 1.763669e+01 1.782463e+01 2.044007e+01 1.851377e+01 1.852368e+01 1.801371e+01 1.524759e+01 1.350446e+01 1.545918e+01 9.695476e-01 6.064358e-01 7.299046e-01 9.458529e-01 1.139930e+00 1.269983e+00 1.385287e+00 1.458717e+00 1.508190e+00 1.508244e+00 1.394888e+00 1.286917e+00 1.128168e+00 1.760726e-01 1.089186e-01 1.503195e-01 1.891973e-01 2.383360e-01 2.762515e-01 3.051099e-01 3.145343e-01 3.252853e-01 3.222419e-01 2.910347e-01 2.638597e-01 1.854163e-01
<GCONST> 8.984528e+01
<TRANSP> 5
 0.000000e+00 1.000000e+00 0.000000e+00 0.000000e+00 0.000000e+00
 0.000000e+00 9.914643e-01 8.535737e-03 0.000000e+00 0.000000e+00
 0.000000e+00 0.000000e+00 9.878795e-01 1.212051e-02 0.000000e+00
 0.000000e+00 0.000000e+00 0.000000e+00 9.923182e-01 7.681881e-03
 0.000000e+00 0.000000e+00 0.000000e+00 0.000000e+00 0.000000e+00
<ENDHMM>
~h "pr"
<BEGINHMM>
<NUMSTATES> 5
<STATE> 2
<NUMMIXES> 2
<MIXTURE> 1 5.064834e-01
<MEAN> 39
 -1.471502e+01 -9.196012e+00 -1.195194e+00 -8.264582e+00 2.605019e+00 6.291229e+00 4.482697e+00 2.908255e-01 -1.957894e+00 -1.975388e+00 5.239050e+00 1.706880e-01 5.840654e+01 7.055563e-02 1.173566e-01 1.508421e-01 1.781413e-01 2.280564e-01 2.267409e-01 2.326737e-01 1.846963e-01 2.101142e-01 1.989721e-01 1.791865e-01 1.417885e-01 -7.594392e-02 2.041112e-02 4.130702e-02 5.575115e-02 6.152761e-02 6.879266e-02 7.126395e-02 6.353740e-02 8.082400e-02 8.158664e-02 5.512675e-02 4.578696e-02 2.820858e-02 -1.511181e-02
<VARIANCE> 39
 3.172913e+01 4.214023e+01 4.569355e+01 3.266309e+01 5.382348e+01 7.102639e+01 5.665714e+01 6.182079e+01 6.686043e+01 3.761482e+01 6.127938e+01 5.735143e+01 2.452528e+01 5.050040e-01 5.752640e-01 8.021840e-01 1.112611e+00 1.281608e+00 1.663272e+00 1.733110e+00 2.007107e+00 2.122473e+00 1.839922e+00 2.055372e+00 1.836506e+00 3.455493e-01 8.503527e-02 1.058899e-01 1.506391e-01 2.084231e-01 2.472575e-01 3.166512e-01 3.489920e-01 3.804507e-01 4.141985e-01 3.611450e-01 3.906425e-01 3.469125e-01 6.116640e-02
<GCONST> 1.046395e+02
<MIXTURE> 2 4.935150e-01
<MEAN> 39
 -1.512817e+01 -8.159860e+00 -6.900234e-01 -7.414081e+00 2.826075e+00 5.909354e+00 4.948676e+00 1.109226e+00 -1.422620e-02 -1.419439e+00 4.798282e+00 -2.331093e-01 5.868922e+01 -1.513431e-01 -1.512579e-01 -1.309655e-01 -2.040622e-01 -2.009032e-01 -2.121364e-01 -2.265989e-01 -2.211841e-01 -2.017288e-01 -2.161145e-01 -2.028567e-01 -6.199858e-02 1.508380e-01 2.907536e-03 -3.564779e-02 -5.644494e-02 -5.568977e-02 -8.048965e-02 -7.595741e-02 -7.364703e-02 -7.461416e-02 -7.740724e-02 -5.352399e-02 -5.564107e-02 -3.582736e-02 -6.126333e-03
<VARIANCE> 39
 3.024681e+01 4.402165e+01 5.179560e+01 3.499366e+01 5.306742e+01 6.467299e+01 5.460861e+01 6.297409e+01 5.784890e+01 3.710832e+01 5.185043e+01 5.257414e+01 2.426661e+01 9.804374e-01 9.015996e-01 1.137294e+00 1.344937e+00 1.622228e+00 1.977138e+00 2.191702e+00 2.385772e+00 2.247445e+00 2.090374e+00 2.160438e+00 2.005217e+00 8.018515e-01 1.291997e-01 1.342117e-01 1.719629e-01 2.236014e-01 2.760608e-01 3.348405e-01 3.878706e-01 3.992409e-01 4.047979e-01 3.751055e-01 3.848187e-01 3.439961e-01 9.825828e-02
<GCONST> 1.095558e+02
<STATE> 3
<NUMMIXES> 2
<MIXTURE> 1 5.022922e-01
<MEAN> 39
 -2.002366e+01 3.237218e+00 1.704687e+01 -1.657620e+01 1.952819e+00 1.412470e+01 -5.633330e+00 -3.626713e+00 1.305985e+01 -5.138608e+00 -8.834446e+00 9.305465e+00 5.337781e+01 9.164569e-02 1.041961e-01 1.997064e-01 1.730535e-01 2.978350e-01 2.593184e-01 2.898995e-01 3.509003e-01 2.058391e-01 2.697837e-01 1.011895e-01 1.267610e-01 -3.930182e-02 -1.246513e-02 3.488750e-02 2.856396e-02 4.440108e-02 7.070781e-02 3.016867e-02 6.675208e-02 7.888564e-02 3.103063e-02 5.507578e-02 6.223699e-02 1.031590e-02 1.843574e-02
<VARIANCE> 39
 1.745030e+01 1.675113e+01 1.223280e+01 2.597509e+01 2.346659e+01 2.141419e+01 1.589139e+01 3.016190e+01 3.081129e+01 3.590773e+01 3.218234e+01 1.717655e+01 1.257684e+01 6.323320e-01 4.041162e-01 4.579132e-01 7.447040e-01 1.173552e+00 1.152153e+00 1.017718e+00 1.314551e+00 1.562360e+00 1.547482e+00 1.795427e+00 1.026900e+00 2.286462e-01 1.548207e-01 8.806858e-02 1.007313e-01 1.618801e-01 2.561981e-01 2.557749e-01 2.259881e-01 2.932160e-01 3.335088e-01 3.047534e-01 3.366969e-01 2.067074e-01 5.737428e-02
<GCONST> 8.787524e+01
<MIXTURE> 2 4.976985e-01
<MEAN> 39
 -1.934357e+01 2.597779e+00 1.688759e+01 -1.653014e+01 3.010192e+00 1.333844e+01 -5.163331e+00 -2.149625e+00 1.234500e+01 -3.578452e+00 -8.666385e+00 9.464752e+00 5.319683e+01 4.553397e-02 -1.725692e-01 -2.255951e-01 -1.814870e-01 -2.574394e-01 -3.309329e-01 -3.179670e-01 -2.665631e-01 -2.573290e-01 -1.946681e-01 -1.617614e-01 -1.253409e-01 -7.349958e-02 1.869505e-02 -3.297092e-02 -4.464825e-02 -3.922855e-02 -6.080398e-02 -4.823454e-02 -6.185576e-02 -5.877696e-02 -5.226306e-02 -5.547117e-02 -4.339990e-02 -2.524426e-02 -2.454929e-02
<VARIANCE> 39
 2.090034e+01 2.162284e+01 1.965915e+01 3.304647e+01 2.622628e+01 2.642577e+01 1.745433e+01 3.266268e+01 3.608520e+01 4.150351e+01 3.760027e+01 1.988168e+01 1.670220e+01 5.595706e-01 4.978382e-01 5.536641e-01 8.680969e-01 1.150706e+00 1.244279e+00 1.110110e+00 1.361945e+00 1.576086e+00 1.568373e+00 1.771443e+00 1.111102e+00 2.502914e-01 1.415100e-01 9.748036e-02 1.139441e-01 1.715035e-01 2.447174e-01 2.667030e-01 2.354733e-01 2.855508e-01 3.309810e-01 3.078161e-01 3.407914e-01 2.243247e-01 5.872142e-02
<GCONST> 9.151922e+01
<STATE> 4
<NUMMIXES> 2
<MIXTURE> 1 4.911435e-01
<MEAN> 39
 -1.427903e+01 -4.699973e+00 4.185740e+00 -7.291798e+00 3.644895e+00 -4.505490e-01 1.411814e+00 5.008550e+00 3.560249e+00 -2.297612e+00 -3.850025e+00 3.681365e+00 5.355510e+01 5.016237e-02 1.429795e-01 1.602642e-01 2.062270e-01 2.236892e-01 2.408054e-01 2.726992e-01 2.703161e-01 2.537808e-01 2.060387e-01 1.952761e-01 1.040895e-01 -5.945904e-03 1.341369e-02 4.370717e-02 6.359972e-02 7.363388e-02 8.515779e-02 9.365051e-02 1.010624e-01 9.038645e-02 8.459418e-02 7.518756e-02 6.417846e-02 4.256304e-02 7.949058e-03
<VARIANCE> 39
 4.062083e+01 5.562711e+01 5.830935e+01 5.736461e+01 7.138992e+01 1.068494e+02 6.169567e+01 6.022610e+01 5.510253e+01 4.610143e+01 5.530234e+01 6.242131e+01 4.676999e+01 4.278896e-01 3.824955e-01 6.598263e-01 9.439781e-01 1.073256e+00 1.359919e+00 1.369438e+00 1.540758e+00 1.618893e+00 1.651990e+00 1.527123e+00 1.308840e+00 2.102313e-01 7.282908e-02 7.069869e-02 1.198845e-01 1.715621e-01 2.151230e-01 2.641568e-01 2.751464e-01 2.980118e-01 3.162097e-01 3.242858e-01 2.977989e-01 2.520455e-01 3.224371e-02
<GCONST> 1.006422e+02
<MIXTURE> 2 5.088405e-01
<MEAN> 39
 -1.411653e+01 -5.753123e+00 3.612036e+00 -5.893784e+00 3.679031e+00 -3.928547e-01 3.889995e+00 6.078652e+00 3.655050e+00 -1.398464e+00 -2.591347e+00 3.204504e+00 5.480271e+01 1.647272e-02 -8.704840e-02 -1.941880e-01 -1.620890e-01 -2.562512e-01 -2.427804e-01 -2.366409e-01 -2.584155e-01 -2.466654e-01 -1.958431e-01 -1.679766e-01 -1.393241e-01 -5.768386e-02 -1.451291e-02 -4.118328e-02 -5.982972e-02 -7.240016e-02 -8.241229e-02 -8.636495e-02 -9.735049e-02 -8.893520e-02 -8.119576e-02 -7.111613e-02 -6.135739e-02 -4.126457e-02 -6.893825e-03
<VARIANCE> 39
 3.866409e+01 5.653286e+01 5.716814e+01 5.245610e+01 8.630496e+01 9.373454e+01 7.755561e+01 5.793079e+01 5.079136e+01 4.474073e+01 5.213666e+01 6.319580e+01 4.771230e+01 2.241646e-01 3.784009e-01 5.612807e-01 8.339964e-01 1.071909e+00 1.333132e+00 1.399578e+00 1.524318e+00 1.603046e+00 1.610783e+00 1.458937e+00 1.269532e+00 1.135587e-01 4.552968e-02 6.555012e-02 1.052012e-01 1.541581e-01 2.068709e-01 2.560434e-01 2.753564e-01 2.929940e-01 3.115456e-01 3.162042e-01 2.873378e-01 2.464682e-01 2.068463e-02
<GCONST> 9.751853e+01
<TRANSP> 5
 0.000000e+00 1.000000e+00 0.000000e+00 0.000000e+00 0.000000e+00
 0.000000e+00 9.900506e-01 9.949448e-03 0.000000e+00 0.000000e+00
 0.000000e+00 0.000000e+00 9.842643e-01 1.573574e-02 0.000000e+00
 0.000000e+00 0.000000e+00 0.000000e+00 9.951446e-01 4.855397e-03
 0.000000e+00 0.000000e+00 0.000000e+00 0.000000e+00 0.000000e+00
<ENDHMM>
~h "pw"
<BEGINHMM>
<NUMSTATES> 5
<STATE> 2
<NUMMIXES> 2
<MIXTURE> 1 5.607572e-01
<MEAN> 39
 -1.268424e+01 -2.121311e+00 -1.100241e+00 -1.252290e+00 1.662393e+00 -5.491562e-01 2.756477e+00 1.374603e+00 1.038090e+00 1.003898e+00 6.053931e-01 -5.310113e-01 5.261825e+01 9.133436e-02 2.018694e-01 1.254626e-01 1.503250e-01 2.000678e-01 2.647024e-01 2.778916e-01 3.062364e-01 2.507148e-01 2.239876e-01 1.688206e-01 1.006270e-01 -1.938115e-01 -1.456709e-02 1.532670e-03 9.731913e-03 1.033112e-02 3.558684e-03 1.756903e-03 3.271218e-03 1.093015e-02 6.947596e-03 9.221207e-03 9.055449e-03 2.459830e-03 1.839752e-02
<VARIANCE> 39
 1.616337e+01 2.279734e+01 1.171955e+01 1.215295e+01 1.409721e+01 1.618304e+01 1.872201e+01 1.898189e+01 1.746837e+01 1.520083e+01 1.408390e+01 1.265250e+01 2.329442e+01 3.558368e-01 4.866470e-01 5.456652e-01 7.397287e-01 9.317771e-01 1.089854e+00 1.230608e+00 1.316595e+00 1.360060e+00 1.324355e+00 1.265524e+00 1.156504e+00 2.513152e-01 6.297821e-02 9.750073e-02 1.122614e-01 1.541639e-01 1.977540e-01 2.341940e-01 2.677052e-01 2.844739e-01 2.949077e-01 2.851410e-01 2.682298e-01 2.402881e-01 4.363423e-02
<GCONST> 8.204047e+01
<MIXTURE> 2 4.392265e-01
<MEAN> 39
 -1.371425e+01 -4.394935e+00 -1.989841e+00 -1.855645e+00 8.976768e-01 -2.013349e+00 1.569209e+00 -9.550363e-03 3.077050e-01 4.838334e-01 4.615685e-01 -5.824600e-01 5.625042e+01 -1.199574e-01 -2.664538e-01 -1.568457e-01 -1.928206e-01 -2.562139e-01 -3.469853e-01 -3.555335e-01 -3.953472e-01 -3.242106e-01 -2.835683e-01 -2.175924e-01 -1.259952e-01 2.556068e-01 1.811196e-02 -4.673412e-03 -1.360483e-02 -1.462294e-02 -7.295463e-03 -5.726546e-03 -7.925246e-03 -1.622972e-02 -1.069757e-02 -1.229606e-02 -1.107302e-02 -2.928326e-03 -1.768900e-02
<VARIANCE> 39
 2.051937e+01 3.114104e+01 1.436699e+01 1.451106e+01 1.709621e+01 2.339123e+01 2.317409e+01 2.530397e+01 1.991642e+01 1.702583e+01 1.575913e+01 1.386046e+01 4.617943e+01 7.947893e-01 1.206340e+00 8.438210e-01 9.935794e-01 1.240966e+00 1.433907e+00 1.548332e+00 1.620809e+00 1.588969e+00 1.509297e+00 1.439659e+00 1.300078e+00 1.654499e+00 1.292529e-01 1.993905e-01 1.564613e-01 1.939194e-01 2.512130e-01 3.026893e-01 3.278524e-01 3.485292e-01 3.377510e-01 3.197791e-01 2.990084e-01 2.659742e-01 2.487283e-01
<GCONST> 9.612251e+01
<STATE> 3
<NUMMIXES> 2
<MIXTURE> 1 6.345724e-01
<MEAN> 39
 -1.018485e+01 -7.243402e+00 -4.023178e+00 -2.795677e+00 2.534061e-01 -5.425560e+00 -1.800824e+00 -4.623116e+00 -2.874631e+00 -1.296015e+00 -2.503192e-01 -2.492391e-01 6.096334e+01 1.147573e-01 2.541560e-01 1.172993e-01 1.810403e-01 2.466967e-01 3.075878e-01 2.857431e-01 3.166750e-01 2.140872e-01 2.130663e-01 1.472652e-01 1.125892e-01 -6.483414e-01 -2.740365e-02 1.928801e-02 2.756536e-02 2.948940e-05 -1.505359e-02 1.549929e-02 2.239598e-02 4.488357e-02 2.622040e-02 1.927576e-02 7.583179e-03 -4.045529e-03 4.943885e-03
<VARIANCE> 39
 2.037047e+01 2.534266e+01 1.292546e+01 1.258193e+01 1.667619e+01 2.180507e+01 2.155090e+01 2.618649e+01 1.920658e+01 1.682957e+01 1.499806e+01 1.346393e+01 7.258557e+01 2.665797e-01 3.644806e-01 4.883451e-01 6.623316e-01 8.612871e-01 1.043340e+00 1.187834e+00 1.292025e+00 1.368392e+00 1.316400e+00 1.242685e+00 1.165382e+00 2.415077e-01 5.267448e-02 8.683413e-02 1.024902e-01 1.425823e-01 1.912479e-01 2.368809e-01 2.721587e-01 2.930609e-01 3.000418e-01 2.899061e-01 2.668669e-01 2.464369e-01 1.442908e-01
<GCONST> 8.468155e+01
<MIXTURE> 2 3.653795e-01
<MEAN> 39
 -1.181815e+01 -7.740615e+00 -3.950686e+00 -4.009991e+00 -1.445989e+00 -6.060968e+00 -2.030211e+00 -4.368071e+00 -2.406532e+00 -1.337819e+00 -3.511853e-01 -7.210246e-01 6.509977e+01 -1.989230e-01 -6.326073e-01 -2.582100e-01 -2.840506e-01 -4.340753e-01 -6.881654e-01 -6.630651e-01 -7.357647e-01 -4.649097e-01 -4.183905e-01 -2.366158e-01 -1.527656e-01 1.378199e+00 6.995106e-02 1.793321e-03 -3.754226e-02 1.259121e-02 6.144851e-02 2.572894e-02 1.637580e-02 -2.903860e-02 -1.279920e-02 -1.503539e-02 -1.082331e-02 3.113087e-03 -8.825870e-02
<VARIANCE> 39
 2.212914e+01 3.204669e+01 1.746913e+01 1.620944e+01 1.992858e+01 2.769062e+01 2.645353e+01 2.949303e+01 2.136922e+01 1.947340e+01 1.778987e+01 1.552076e+01 9.678905e+01 1.245028e+00 2.152585e+00 1.215234e+00 1.284387e+00 1.745332e+00 2.115985e+00 2.251063e+00 2.165433e+00 1.829623e+00 1.753067e+00 1.648279e+00 1.527644e+00 8.936981e+00 1.955210e-01 3.562873e-01 2.132012e-01 2.421179e-01 3.453812e-01 4.292772e-01 4.645705e-01 4.485011e-01 3.862409e-01 3.692500e-01 3.340895e-01 3.124271e-01 1.376204e+00
<GCONST> 1.086920e+02
<STATE> 4
<NUMMIXES> 2
<MIXTURE> 1 5.574220e-01
<MEAN> 39
 -1.159269e+01 -2.733362e+00 -3.082494e+00 -2.819317e+00 7.348710e-01 1.348337e-01 3.609975e+00 1.161697e+00 6.275370e-01 7.444698e-01 3.020815e-01 -1.075009e+00 5.385266e+01 1.148958e-01 1.863802e-01 1.032714e-01 1.548156e-01 2.242195e-01 3.167087e-01 3.246300e-01 3.283847e-01 2.767873e-01 2.492581e-01 1.808536e-01 9.644999e-02 -2.085923e-01 -1.229074e-02 3.954606e-03 1.583400e-02 1.562934e-02 1.154209e-02 8.808710e-03 7.659566e-03 1.382357e-02 8.341245e-03 1.002741e-02 1.031803e-02 6.679201e-03 1.756105e-02
<VARIANCE> 39
 1.447281e+01 1.793380e+01 1.159964e+01 1.144584e+01 1.225675e+01 1.744789e+01 1.854310e+01 1.775259e+01 1.633208e+01 1.492047e+01 1.369589e+01 1.270061e+01 1.990380e+01 3.377985e-01 4.281770e-01 5.275021e-01 7.059925e-01 9.012986e-01 1.075767e+00 1.219279e+00 1.312704e+00 1.341390e+00 1.314005e+00 1.282588e+00 1.180548e+00 2.233191e-01 5.850889e-02 8.495004e-02 1.077279e-01 1.474205e-01 1.926118e-01 2.346552e-01 2.660043e-01 2.841989e-01 2.905037e-01 2.844570e-01 2.731963e-01 2.448417e-01 3.758831e-02
<GCONST> 8.032790e+01
<MIXTURE> 2 4.425559e-01
<MEAN> 39
 -1.287857e+01 -4.292549e+00 -3.189873e+00 -3.037476e+00 2.110175e-01 -1.232816e+00 2.373368e+00 1.041185e-01 1.997502e-02 2.688909e-01 2.889592e-01 -9.321293e-01 5.690178e+01 -1.181410e-01 -2.039322e-01 -1.187574e-01 -1.975004e-01 -2.747644e-01 -3.583194e-01 -3.733900e-01 -3.694124e-01 -3.222077e-01 -3.062931e-01 -2.288167e-01 -1.318271e-01 1.905924e-01 1.728191e-02 -7.724907e-03 -2.187799e-02 -2.110606e-02 -1.792743e-02 -1.604808e-02 -1.573567e-02 -2.326986e-02 -1.454118e-02 -1.551950e-02 -1.452608e-02 -8.209028e-03 -1.908670e-02
<VARIANCE> 39
 1.752060e+01 2.293774e+01 1.225543e+01 1.306482e+01 1.506064e+01 2.356886e+01 2.360784e+01 2.350197e+01 1.933111e+01 1.660611e+01 1.474915e+01 1.366655e+01 3.980749e+01 7.307072e-01 9.740620e-01 7.623325e-01 9.265446e-01 1.130809e+00 1.381634e+00 1.533550e+00 1.552333e+00 1.532139e+00 1.464232e+00 1.411072e+00 1.294236e+00 1.328857e+00 1.178838e-01 1.629937e-01 1.409579e-01 1.836655e-01 2.378417e-01 2.964489e-01 3.305093e-01 3.349315e-01 3.315441e-01 3.138940e-01 2.950138e-01 2.665712e-01 1.917223e-01
<GCONST> 9.310577e+01
<TRANSP> 5
 0.000000e+00 1.000000e+00 0.000000e+00 0.000000e+00 0.000000e+00
 0.000000e+00 9.965475e-01 3.452482e-03 0.000000e+00 0.000000e+00
 0.000000e+00 0.000000e+00 9.857406e-01 1.425938e-02 0.000000e+00
 0.000000e+00 0.000000e+00 0.000000e+00 9.959725e-01 4.027544e-03
 0.000000e+00 0.000000e+00 0.000000e+00 0.000000e+00 0.000000e+00
<ENDHMM>
~h "si"
<BEGINHMM>
<NUMSTATES> 5
<STATE> 2
<NUMMIXES> 2
<MIXTURE> 1 5.137957e-01
<MEAN> 39
 -8.791968e+00 1.570112e+00 6.498732e-01 -1.840096e+00 1.796837e+00 1.727638e+00 2.595577e+00 3.161746e+00 1.407145e+00 5.444209e-01 3.737006e-01 -1.181874e+00 4.814317e+01 5.374983e-02 1.207017e-01 1.266770e-01 1.878049e-01 2.325582e-01 2.879457e-01 2.941446e-01 3.219911e-01 2.748132e-01 2.518395e-01 1.993769e-01 1.043904e-01 -8.801177e-02 4.576915e-03 9.995805e-03 1.877597e-02 2.137784e-02 2.063403e-02 2.211110e-02 2.374268e-02 2.361293e-02 2.141165e-02 1.821775e-02 1.338525e-02 6.273607e-03 8.317503e-03
<VARIANCE> 39
 2.052733e+01 1.231912e+01 1.561502e+01 1.547925e+01 1.817053e+01 1.853387e+01 2.449135e+01 2.013551e+01 1.887458e+01 1.661240e+01 1.545824e+01 1.352446e+01 1.896034e+01 1.904995e-01 2.941860e-01 4.434685e-01 6.381256e-01 8.227050e-01 1.000374e+00 1.153061e+00 1.232958e+00 1.279262e+00 1.292396e+00 1.230069e+00 1.107198e+00 1.028721e-01 3.229976e-02 5.716183e-02 9.076323e-02 1.345180e-01 1.758673e-01 2.147450e-01 2.476470e-01 2.657390e-01 2.743236e-01 2.747244e-01 2.574974e-01 2.268551e-01 1.471986e-02
<GCONST> 7.695988e+01
<MIXTURE> 2 4.858541e-01
<MEAN> 39
 -9.161291e+00 5.436431e-01 4.144379e-02 -2.453591e+00 8.136970e-01 6.680214e-01 1.887057e+00 2.143625e+00 1.088770e+00 3.452192e-01 2.614272e-01 -1.190756e+00 4.973217e+01 -5.726272e-02 -1.320565e-01 -1.526734e-01 -2.208259e-01 -2.644359e-01 -2.965943e-01 -2.882568e-01 -3.091537e-01 -2.786070e-01 -2.436688e-01 -2.017235e-01 -1.168522e-01 3.727488e-02 -1.571768e-03 -1.031779e-02 -2.282415e-02 -2.481536e-02 -2.268044e-02 -1.956223e-02 -2.175401e-02 -2.086794e-02 -2.152082e-02 -1.771077e-02 -1.417556e-02 -8.657664e-03 -1.056266e-02
<VARIANCE> 39
 2.286850e+01 1.803299e+01 1.787867e+01 1.569421e+01 2.043201e+01 2.132545e+01 2.576353e+01 2.294097e+01 2.021451e+01 1.812142e+01 1.719954e+01 1.495518e+01 2.625080e+01 4.001621e-01 5.826983e-01 6.148484e-01 8.033338e-01 1.013692e+00 1.203716e+00 1.319838e+00 1.411838e+00 1.416950e+00 1.404189e+00 1.341427e+00 1.193353e+00 4.352559e-01 6.349962e-02 1.024625e-01 1.156924e-01 1.600684e-01 2.054939e-01 2.502533e-01 2.758566e-01 2.985889e-01 2.980132e-01 2.930435e-01 2.758946e-01 2.427239e-01 6.342895e-02
<GCONST> 8.711523e+01
<STATE> 3
<NUMMIXES> 2
<MIXTURE> 1 5.071133e-01
<MEAN> 39
 -5.009516e+00 -3.195552e-02 -1.593244e+00 -2.875685e+00 6.139623e-01 2.675830e+00 3.360112e+00 4.228528e+00 1.162084e+00 8.866676e-01 1.445366e-01 -2.004300e+00 4.543981e+01 7.215437e-02 1.376973e-01 1.828532e-01 2.333558e-01 2.696487e-01 2.952830e-01 3.025811e-01 3.113151e-01 2.953997e-01 2.675944e-01 2.167833e-01 1.219192e-01 1.680073e-02 1.771830e-02 2.995486e-02 3.784326e-02 3.935822e-02 3.882518e-02 3.553646e-02 3.715393e-02 3.426882e-02 3.465343e-02 2.797377e-02 2.072227e-02 1.224957e-02 1.210212e-02
<VARIANCE> 39
 4.983924e+00 1.254015e+01 1.289770e+01 1.055529e+01 1.683612e+01 1.540271e+01 1.718132e+01 1.861336e+01 1.691069e+01 1.639323e+01 1.431854e+01 1.274251e+01 1.127595e+01 1.257491e-01 2.408292e-01 4.071287e-01 5.960072e-01 8.088030e-01 9.888834e-01 1.139071e+00 1.235825e+00 1.269474e+00 1.292121e+00 1.227162e+00 1.107939e+00 4.342516e-02 2.384728e-02 5.003710e-02 8.810032e-02 1.317672e-01 1.785601e-01 2.184061e-01 2.509134e-01 2.721795e-01 2.796422e-01 2.817039e-01 2.621825e-01 2.307002e-01 7.344376e-03
<GCONST> 7.080093e+01
<MIXTURE> 2 4.923601e-01
<MEAN> 39
 -4.780938e+00 -2.036382e-01 -1.688481e+00 -2.860078e+00 5.411763e-01 2.766123e+00 3.581498e+00 4.117407e+00 1.260890e+00 1.013596e+00 1.759712e-01 -2.049264e+00 4.599579e+01 -7.774868e-02 -1.363994e-01 -2.044476e-01 -2.509035e-01 -2.859921e-01 -2.978286e-01 -3.106277e-01 -3.081499e-01 -3.041739e-01 -2.732438e-01 -2.208846e-01 -1.284578e-01 -3.614405e-02 -2.308776e-02 -3.169404e-02 -3.800344e-02 -4.022832e-02 -4.110593e-02 -4.219559e-02 -4.245714e-02 -4.119264e-02 -3.737186e-02 -3.076591e-02 -2.146958e-02 -1.026716e-02 -7.704271e-03
<VARIANCE> 39
 5.573118e+00 1.314289e+01 1.237927e+01 1.027362e+01 1.635196e+01 1.565399e+01 1.731284e+01 1.847979e+01 1.668245e+01 1.634582e+01 1.452831e+01 1.296618e+01 1.252361e+01 1.322903e-01 2.514704e-01 4.170057e-01 6.035192e-01 8.175562e-01 1.003531e+00 1.154469e+00 1.256191e+00 1.285792e+00 1.309498e+00 1.244188e+00 1.124256e+00 4.896958e-02 2.483072e-02 5.114438e-02 8.809978e-02 1.310934e-01 1.783476e-01 2.190673e-01 2.509387e-01 2.728711e-01 2.786923e-01 2.821218e-01 2.638611e-01 2.324222e-01 8.237259e-03
<GCONST> 7.154802e+01
<STATE> 4
<NUMMIXES> 2
<MIXTURE> 1 5.607412e-01
<MEAN> 39
 -8.973356e+00 -8.241230e-01 -1.381447e+00 -2.645983e+00 1.386979e-01 3.606359e-01 3.094029e+00 2.210369e+00 1.530566e+00 7.193294e-01 4.778476e-01 -1.043862e+00 5.014075e+01 7.458410e-02 1.440809e-01 1.257476e-01 1.904980e-01 2.286707e-01 2.836694e-01 2.719453e-01 2.841430e-01 2.543200e-01 2.317049e-01 1.847652e-01 1.073433e-01 -1.111806e-01 -1.398107e-03 8.786766e-03 1.810271e-02 2.372685e-02 2.573700e-02 2.954574e-02 2.811044e-02 2.957706e-02 2.427423e-02 1.917801e-02 1.436049e-02 4.476288e-03 7.392889e-03
<VARIANCE> 39
 1.834650e+01 1.472902e+01 1.401914e+01 1.472604e+01 1.727329e+01 1.895164e+01 1.996255e+01 2.139466e+01 1.918848e+01 1.714836e+01 1.620809e+01 1.476811e+01 2.608749e+01 2.737597e-01 3.627692e-01 5.000523e-01 6.990598e-01 8.964220e-01 1.081342e+00 1.237113e+00 1.339037e+00 1.350104e+00 1.355179e+00 1.288392e+00 1.171157e+00 1.898194e-01 4.795969e-02 7.369828e-02 1.027233e-01 1.470802e-01 1.915796e-01 2.330525e-01 2.654721e-01 2.891050e-01 2.884639e-01 2.873701e-01 2.697873e-01 2.399821e-01 3.245772e-02
<GCONST> 8.128794e+01
<MIXTURE> 2 4.391099e-01
<MEAN> 39
 -9.545671e+00 -2.099374e+00 -1.790324e+00 -3.146295e+00 -4.764006e-01 -4.359159e-01 2.511898e+00 1.490914e+00 1.105195e+00 4.024472e-01 3.955604e-01 -1.175996e+00 5.266674e+01 -1.446657e-01 -1.961045e-01 -1.547820e-01 -2.476027e-01 -2.995017e-01 -3.910501e-01 -3.641662e-01 -3.988442e-01 -3.215644e-01 -2.948779e-01 -2.249748e-01 -1.192280e-01 2.397028e-01 6.488816e-03 -1.051672e-02 -2.083066e-02 -2.832463e-02 -3.035777e-02 -3.211617e-02 -3.316744e-02 -3.434475e-02 -2.968342e-02 -2.324302e-02 -1.817000e-02 -7.803850e-03 -9.322994e-03
<VARIANCE> 39
 2.533168e+01 2.796260e+01 1.742568e+01 1.845534e+01 2.170778e+01 2.431846e+01 2.524055e+01 2.733697e+01 2.311650e+01 1.952466e+01 1.806516e+01 1.664883e+01 4.637168e+01 7.781456e-01 9.001727e-01 7.918654e-01 9.885768e-01 1.207667e+00 1.396043e+00 1.530495e+00 1.670817e+00 1.604556e+00 1.553085e+00 1.471628e+00 1.321794e+00 1.256252e+00 1.193784e-01 1.496804e-01 1.427668e-01 1.899641e-01 2.396231e-01 2.886366e-01 3.155399e-01 3.485997e-01 3.296541e-01 3.217106e-01 2.986799e-01 2.644329e-01 1.850880e-01
<GCONST> 9.616119e+01
<TRANSP> 5
 0.000000e+00 1.000000e+00 0.000000e+00 0.000000e+00 0.000000e+00
 0.000000e+00 9.869924e-01 1.300763e-02 0.000000e+00 0.000000e+00
 0.000000e+00 0.000000e+00 9.925883e-01 7.411654e-03 0.000000e+00
 0.000000e+00 0.000000e+00 0.000000e+00 9.845492e-01 1.545081e-02
 0.000000e+00 0.000000e+00 0.000000e+00 0.000000e+00 0.000000e+00
<ENDHMM>
~h "st"
<BEGINHMM>
<NUMSTATES> 5
<STATE> 2
<NUMMIXES> 2
<MIXTURE> 1 5.532392e-01
<MEAN> 39
 -9.297015e+00 -4.157607e+00 -1.682364e+00 -7.833176e+00 -2.658695e+00 -4.201647e+00 6.347233e-01 1.293889e+00 1.401789e+00 9.850600e-02 9.521827e-01 -1.722524e+00 6.002478e+01 -6.004290e-02 -8.856080e-02 3.077114e-01 -5.532724e-02 1.901632e-01 3.784230e-02 1.044606e-01 2.120901e-01 2.532962e-01 1.726773e-01 2.447816e-01 2.454574e-01 1.965352e-01 9.208400e-02 1.508580e-01 -1.687470e-02 2.065089e-01 1.163619e-01 2.464653e-01 1.868498e-01 4.421137e-02 1.703449e-02 2.490797e-02 -5.856529e-03 -6.671291e-03 -4.045543e-01
<VARIANCE> 39
 2.264995e+01 3.383331e+01 1.659210e+01 3.705577e+01 2.745204e+01 4.032446e+01 2.844673e+01 2.333617e+01 2.227962e+01 2.023189e+01 1.787295e+01 1.434142e+01 1.003449e+02 5.645613e-01 8.126126e-01 9.215947e-01 1.278313e+00 1.437814e+00 1.717054e+00 1.701406e+00 1.757747e+00 1.770151e+00 1.692207e+00 1.599012e+00 1.380385e+00 1.540154e+00 1.468835e-01 2.348581e-01 1.650015e-01 3.435608e-01 3.187959e-01 4.487261e-01 3.586409e-01 3.442808e-01 3.435413e-01 3.270301e-01 2.996386e-01 2.574499e-01 6.470802e-01
<GCONST> 1.027613e+02
<MIXTURE> 2 4.467558e-01
<MEAN> 39
 -8.930292e+00 -3.709886e+00 -2.687380e+00 -7.062674e+00 -2.510624e+00 -2.711539e+00 1.699108e+00 9.001889e-01 1.014727e+00 1.879110e-01 8.046401e-01 -1.918662e+00 5.841149e+01 -5.372037e-01 -1.195816e+00 8.360706e-03 -1.269792e+00 -9.340496e-01 -1.655765e+00 -9.850174e-01 -5.254558e-01 -2.142099e-01 -3.379991e-01 -1.224686e-01 -1.800039e-01 2.861475e+00 5.578869e-02 5.992869e-02 9.604603e-02 1.690505e-03 4.588287e-02 3.910468e-02 7.981732e-03 7.101622e-02 6.283258e-02 3.612505e-02 1.953258e-02 4.776779e-02 -7.805929e-02
<VARIANCE> 39
 2.556845e+01 3.026085e+01 2.090318e+01 2.790053e+01 2.611136e+01 3.722771e+01 2.832470e+01 2.496008e+01 2.237162e+01 1.983665e+01 1.848753e+01 1.573203e+01 8.032705e+01 1.989796e+00 2.237508e+00 1.691667e+00 2.532848e+00 2.485187e+00 3.091047e+00 2.496359e+00 2.719560e+00 2.552324e+00 2.262721e+00 2.076456e+00 1.747304e+00 5.160580e+00 2.259423e-01 3.449207e-01 2.703483e-01 4.218781e-01 4.347799e-01 6.030807e-01 4.519327e-01 4.590113e-01 4.042763e-01 3.778570e-01 3.358310e-01 3.070454e-01 1.027340e+00
<GCONST> 1.141192e+02
<STATE> 3
<NUMMIXES> 2
<MIXTURE> 1 5.957695e-01
<MEAN> 39
 -8.183176e+00 -2.672220e+00 -1.725124e+00 -5.719721e+00 -1.261288e+00 -1.240494e+00 2.534425e+00 5.405439e-01 3.361908e-01 -2.526331e-01 6.785827e-01 -1.687841e+00 5.537149e+01 9.225740e-02 1.852393e-01 7.064129e-02 2.787977e-01 2.857781e-01 3.727536e-01 3.149129e-01 2.785814e-01 2.379096e-01 2.415396e-01 1.886493e-01 1.288260e-01 -3.955406e-01 7.421245e-03 5.887857e-03 8.555006e-03 3.549586e-02 2.302058e-02 3.577193e-02 3.759295e-02 2.411725e-02 1.688143e-02 1.272818e-02 2.273884e-03 -6.011123e-03 -1.211809e-02
<VARIANCE> 39
 1.522080e+01 1.953819e+01 1.640135e+01 2.273270e+01 1.868823e+01 2.421422e+01 1.973856e+01 1.912530e+01 1.932623e+01 1.798482e+01 1.555144e+01 1.410199e+01 3.740263e+01 2.664936e-01 3.368230e-01 5.192126e-01 7.209162e-01 8.967344e-01 1.073051e+00 1.222720e+00 1.312898e+00 1.356011e+00 1.346508e+00 1.295396e+00 1.199264e+00 2.466312e-01 5.183627e-02 7.605541e-02 1.068923e-01 1.693430e-01 2.038508e-01 2.474782e-01 2.753612e-01 2.910385e-01 3.002721e-01 2.988930e-01 2.807311e-01 2.545184e-01 7.787335e-02
<GCONST> 8.422869e+01
<MIXTURE> 2 4.041874e-01
<MEAN> 39
 -8.815635e+00 -3.187430e+00 -1.762272e+00 -6.635818e+00 -2.059935e+00 -1.842595e+00 2.345550e+00 3.728048e-01 3.791929e-01 -4.098127e-01 5.564274e-01 -1.977804e+00 5.750007e+01 -1.334140e-01 -2.294062e-01 -1.003811e-01 -3.683606e-01 -4.035168e-01 -5.052315e-01 -4.378430e-01 -4.062448e-01 -3.564041e-01 -3.542828e-01 -2.788849e-01 -1.860932e-01 4.851479e-01 -1.070622e-02 -5.529659e-03 -1.696738e-02 -4.766724e-02 -3.215375e-02 -5.006170e-02 -5.540645e-02 -3.455374e-02 -2.427004e-02 -1.671522e-02 -3.153916e-03 7.971942e-03 1.515751e-02
<VARIANCE> 39
 1.873120e+01 2.331947e+01 1.680886e+01 2.556284e+01 2.238744e+01 2.848144e+01 2.197171e+01 2.076845e+01 2.105197e+01 1.954264e+01 1.681998e+01 1.508310e+01 5.275857e+01 9.666829e-01 1.144710e+00 9.173058e-01 1.712342e+00 1.646621e+00 1.871495e+00 1.658707e+00 1.645053e+00 1.719075e+00 1.641868e+00 1.545261e+00 1.398451e+00 3.125094e+00 1.436199e-01 1.817858e-01 1.647352e-01 2.982061e-01 3.248437e-01 3.834495e-01 3.519091e-01 3.536460e-01 3.568915e-01 3.446735e-01 3.207351e-01 2.878469e-01 4.349358e-01
<GCONST> 1.014157e+02
<STATE> 4
<NUMMIXES> 2
<MIXTURE> 1 5.510715e-01
<MEAN> 39
 -9.960049e+00 -3.415419e-02 -1.043984e+00 -3.036638e+00 2.126162e-01 -1.807968e-01 2.810848e+00 1.982531e+00 1.966010e+00 5.798355e-01 7.020564e-01 -1.416961e+00 5.102752e+01 3.754658e-02 1.445182e-01 1.342911e-01 2.431837e-01 2.772320e-01 3.460062e-01 3.172610e-01 2.999945e-01 2.609482e-01 2.445937e-01 1.923614e-01 1.149627e-01 -1.793483e-01 6.667566e-03 4.027292e-03 1.298151e-02 1.089119e-02 9.350214e-03 1.344261e-02 1.766874e-02 1.782875e-02 1.475559e-02 1.236260e-02 4.913345e-03 -2.528759e-03 1.135036e-02
<VARIANCE> 39
 1.737575e+01 1.023079e+01 1.087629e+01 1.357926e+01 1.485685e+01 1.795175e+01 1.934744e+01 1.820681e+01 1.637948e+01 1.528245e+01 1.384200e+01 1.250531e+01 1.787796e+01 2.091261e-01 3.033269e-01 4.599123e-01 6.734730e-01 8.665324e-01 1.031156e+00 1.157573e+00 1.266574e+00 1.307597e+00 1.301325e+00 1.250797e+00 1.139920e+00 1.419466e-01 3.559204e-02 6.139075e-02 9.436464e-02 1.428326e-01 1.876396e-01 2.258304e-01 2.529015e-01 2.738694e-01 2.828885e-01 2.820757e-01 2.655533e-01 2.355570e-01 2.256057e-02
<GCONST> 7.678231e+01
<MIXTURE> 2 4.488849e-01
<MEAN> 39
 -1.001485e+01 -5.665088e-01 -1.239973e+00 -4.082572e+00 -8.575088e-01 -1.342279e+00 2.089022e+00 1.587491e+00 1.874273e+00 4.242513e-01 5.426996e-01 -1.664935e+00 5.259988e+01 -3.270743e-02 -1.466927e-01 -1.799075e-01 -2.604075e-01 -3.008147e-01 -3.623863e-01 -3.584847e-01 -3.664916e-01 -3.266721e-01 -3.017142e-01 -2.462032e-01 -1.460248e-01 1.237366e-01 -8.912659e-03 -1.090279e-02 -1.745478e-02 -2.321455e-02 -1.988459e-02 -2.468969e-02 -2.767890e-02 -2.620999e-02 -2.206253e-02 -1.854848e-02 -7.814497e-03 2.016917e-03 -6.105669e-03
<VARIANCE> 39
 1.838878e+01 1.235023e+01 1.259382e+01 1.872055e+01 1.838452e+01 2.334099e+01 2.220174e+01 2.031213e+01 1.783871e+01 1.637733e+01 1.478444e+01 1.344926e+01 2.438724e+01 4.773364e-01 6.508182e-01 7.100616e-01 1.162484e+00 1.252776e+00 1.466731e+00 1.400246e+00 1.478249e+00 1.474341e+00 1.444666e+00 1.368457e+00 1.255559e+00 7.962598e-01 7.401599e-02 1.130337e-01 1.365757e-01 2.172303e-01 2.517570e-01 3.032471e-01 2.975534e-01 3.172154e-01 3.111793e-01 3.025998e-01 2.855405e-01 2.571460e-01 1.073322e-01
<GCONST> 8.950683e+01
<TRANSP> 5
 0.000000e+00 1.000000e+00 0.000000e+00 0.000000e+00 0.000000e+00
 0.000000e+00 8.337114e-01 1.662886e-01 0.000000e+00 0.000000e+00
 0.000000e+00 0.000000e+00 9.928972e-01 7.102783e-03 0.000000e+00
 0.000000e+00 0.000000e+00 0.000000e+00 9.892809e-01 1.071909e-02
 0.000000e+00 0.000000e+00 0.000000e+00 0.000000e+00 0.000000e+00
<ENDHMM>
~h "spe"
<BEGINHMM>
<NUMSTATES> 5
<STATE> 2
<NUMMIXES> 2
<MIXTURE> 1 4.991249e-01
<MEAN> 39
 -2.523872e+00 -1.353788e+00 -1.234724e+00 -6.318333e+00 -3.487572e+00 -2.930307e+00 -2.594248e+00 1.432484e-02 -2.222713e+00 2.302235e-01 2.630368e-03 -4.223307e+00 5.526602e+01 -1.067347e-01 7.220635e-02 7.608584e-02 9.151091e-02 1.123803e-01 9.938815e-02 2.640717e-01 2.459324e-01 3.086527e-01 3.079322e-01 2.542462e-01 1.977780e-01 3.500006e-02 1.511749e-02 5.044426e-03 3.851320e-02 5.091500e-02 3.686577e-02 5.871234e-02 5.819076e-02 3.893372e-02 3.901117e-02 2.756091e-02 1.435041e-02 4.680768e-03 2.610263e-03
<VARIANCE> 39
 3.013333e+01 4.080419e+01 3.538194e+01 3.643018e+01 4.758998e+01 4.762268e+01 3.541151e+01 3.859208e+01 3.074912e+01 3.147660e+01 3.261216e+01 2.913466e+01 1.191800e+01 8.030456e-01 1.067703e+00 1.104244e+00 1.299547e+00 1.762387e+00 1.882275e+00 1.765666e+00 1.926986e+00 1.834741e+00 1.888189e+00 1.830566e+00 1.694697e+00 2.969580e-01 1.066777e-01 1.459285e-01 1.687285e-01 2.108847e-01 2.984961e-01 3.334078e-01 3.449935e-01 3.731849e-01 3.706779e-01 3.709031e-01 3.522064e-01 3.234381e-01 3.745602e-02
<GCONST> 1.016036e+02
<MIXTURE> 2 5.008778e-01
<MEAN> 39
 -1.366115e+00 -2.615008e+00 -7.689727e-01 -6.225970e+00 -3.501208e+00 -1.575102e+00 -2.696132e+00 1.600443e-01 -2.427347e+00 8.454946e-02 -4.831876e-01 -5.054349e+00 5.563062e+01 8.183556e-02 -1.196799e-01 2.807684e-02 -1.491430e-01 -2.141143e-01 -2.406054e-01 -3.593799e-01 -2.931359e-01 -3.268608e-01 -2.677633e-01 -2.416927e-01 -1.928437e-01 1.068648e-01 -1.118347e-02 -1.699732e-02 -3.101224e-02 -4.413354e-02 -5.414281e-02 -6.651096e-02 -5.738360e-02 -3.896088e-02 -3.282875e-02 -2.946258e-02 -1.803967e-02 6.002616e-04 -1.198739e-03
<VARIANCE> 39
 2.146737e+01 3.796606e+01 4.100392e+01 3.655952e+01 4.695305e+01 4.924606e+01 3.464892e+01 3.992400e+01 3.325644e+01 3.049497e+01 3.557209e+01 3.204946e+01 1.307895e+01 6.358418e-01 1.098593e+00 1.332544e+00 1.392510e+00 1.999765e+00 2.037897e+00 1.865481e+00 2.099936e+00 2.004287e+00 1.934759e+00 1.888222e+00 1.812008e+00 3.908781e-01 7.516621e-02 1.392132e-01 1.743739e-01 2.104726e-01 3.008346e-01 3.321021e-01 3.330691e-01 3.778859e-01 3.907573e-01 3.777397e-01 3.590972e-01 3.269868e-01 3.757342e-02
<GCONST> 1.023012e+02
<STATE> 3
<NUMMIXES> 2
<MIXTURE> 1 5.030504e-01
<MEAN> 39
 -3.511931e+00 -4.385163e+00 1.808629e+00 -1.133911e+01 -3.927679e+00 -4.630943e+00 -3.675259e+00 -1.175443e+00 -2.279375e+00 -1.830676e+00 -3.498852e+00 -2.803218e+00 6.143681e+01 -5.704478e-02 2.552721e-02 -7.943120e-03 1.696532e-01 1.746784e-01 2.137103e-01 2.659075e-01 2.641957e-01 3.061096e-01 2.182049e-01 1.540564e-01 7.457145e-02 -6.452717e-02 9.818496e-03 2.211625e-02 1.198142e-02 4.116359e-02 6.785844e-02 5.462315e-02 2.846519e-02 3.375577e-02 3.266687e-02 1.394733e-02 -3.940407e-03 1.434682e-03 -1.726264e-02
<VARIANCE> 39
 2.265106e+01 3.838115e+01 6.964156e+01 6.359682e+01 6.331713e+01 5.620350e+01 3.584261e+01 4.828474e+01 3.481650e+01 2.931413e+01 4.634633e+01 3.136404e+01 3.451683e+01 4.051864e-01 8.598850e-01 1.074436e+00 1.376463e+00 1.561696e+00 1.714826e+00 1.711828e+00 1.957388e+00 1.724576e+00 1.721514e+00 1.806650e+00 1.590719e+00 3.948757e-01 6.298035e-02 1.195611e-01 1.672797e-01 2.279391e-01 2.769091e-01 3.215623e-01 3.358576e-01 3.627908e-01 3.428408e-01 3.455301e-01 3.477677e-01 2.983488e-01 4.610143e-02
<GCONST> 1.028166e+02
<MIXTURE> 2 4.969484e-01
<MEAN> 39
 -2.209344e+00 -5.202955e+00 2.995261e+00 -1.456842e+01 -3.796626e+00 -5.555314e+00 -6.324202e+00 -2.994811e+00 -2.268537e+00 -3.632248e+00 -6.392117e+00 -2.810911e+00 6.225407e+01 7.663505e-02 -1.538690e-02 -1.110822e-01 -1.018819e-01 -1.054660e-01 -2.039793e-01 -2.439990e-01 -2.742907e-01 -2.732461e-01 -2.787494e-01 -2.614767e-01 -1.614275e-01 6.741990e-02 -1.898266e-02 1.337860e-02 -3.678242e-02 -6.718788e-03 -3.207655e-02 -2.717920e-02 6.758928e-03 -2.923540e-02 -3.363223e-02 -3.412217e-03 1.270219e-02 2.181757e-03 -2.351139e-02
<VARIANCE> 39
 2.021568e+01 3.474493e+01 7.993365e+01 6.554815e+01 6.905581e+01 6.720723e+01 4.864626e+01 6.598531e+01 4.675984e+01 4.164301e+01 6.420833e+01 4.249459e+01 1.381840e+01 7.169138e-01 1.141029e+00 1.564553e+00 1.769978e+00 2.182074e+00 2.105562e+00 2.324872e+00 2.412046e+00 2.309781e+00 2.242808e+00 2.197614e+00 1.906491e+00 4.978438e-01 9.053323e-02 1.485739e-01 2.192663e-01 2.733425e-01 3.436910e-01 3.749975e-01 4.159289e-01 4.517621e-01 4.412519e-01 4.377837e-01 4.220811e-01 3.634341e-01 4.935714e-02
<GCONST> 1.104994e+02
<STATE> 4
<NUMMIXES> 2
<MIXTURE> 1 5.085860e-01
<MEAN> 39
 -2.437392e+00 -2.885931e+00 -1.914288e+00 -5.188252e+00 -2.669544e+00 -1.051130e-01 8.852193e-01 7.462620e-01 -1.073690e+00 2.837487e-01 -6.557136e-01 -3.531512e+00 5.194978e+01 -1.092687e-02 7.127923e-02 5.596706e-02 1.629743e-01 1.687591e-01 2.335884e-01 2.979905e-01 2.670020e-01 2.775396e-01 2.616379e-01 2.434165e-01 1.775611e-01 -6.363405e-02 1.643744e-02 1.325777e-02 4.029685e-02 3.016325e-02 4.334344e-02 4.803203e-02 3.158379e-02 4.033079e-02 2.951417e-02 2.084334e-02 1.848439e-02 -1.513267e-03 1.523848e-02
<VARIANCE> 39
 1.428017e+01 2.239461e+01 2.574655e+01 2.223692e+01 3.467512e+01 3.461273e+01 3.398330e+01 2.821914e+01 2.535957e+01 2.237176e+01 2.277619e+01 2.064444e+01 1.324551e+01 3.044582e-01 4.871781e-01 7.000999e-01 8.603873e-01 1.188942e+00 1.351709e+00 1.390446e+00 1.507607e+00 1.539439e+00 1.521669e+00 1.482203e+00 1.340704e+00 1.469970e-01 4.713370e-02 7.888303e-02 1.190448e-01 1.566704e-01 2.190399e-01 2.607464e-01 2.809427e-01 3.043461e-01 3.181677e-01 3.112722e-01 2.986667e-01 2.659877e-01 1.856311e-02
<GCONST> 8.751888e+01
<MIXTURE> 2 4.914013e-01
<MEAN> 39
 -1.043002e+00 -4.748696e+00 -5.507868e-01 -6.655291e+00 -3.327198e+00 -2.275643e-01 -1.634762e+00 1.589736e-01 -1.787851e+00 -5.296636e-01 -1.166508e+00 -4.713377e+00 5.470330e+01 1.226751e-02 -6.682921e-02 -7.714969e-02 -1.421583e-01 -1.502259e-01 -2.145342e-01 -2.770996e-01 -2.528135e-01 -2.733424e-01 -2.546082e-01 -2.336553e-01 -1.689122e-01 1.277072e-02 -1.773227e-02 -1.507947e-02 -4.104670e-02 -3.410972e-02 -4.632374e-02 -5.194481e-02 -3.492077e-02 -4.161965e-02 -3.089836e-02 -2.196398e-02 -1.966664e-02 1.252659e-03 -1.420717e-02
<VARIANCE> 39
 1.420417e+01 3.587360e+01 4.050330e+01 3.272050e+01 5.310025e+01 4.083374e+01 4.450768e+01 3.719815e+01 3.336772e+01 3.509500e+01 3.394125e+01 2.771059e+01 2.121749e+01 3.542691e-01 8.068696e-01 9.608308e-01 1.072258e+00 1.487509e+00 1.616849e+00 1.778288e+00 1.764512e+00 1.773039e+00 1.741693e+00 1.724635e+00 1.492648e+00 3.168822e-01 4.672487e-02 1.081956e-01 1.326874e-01 1.775949e-01 2.384935e-01 2.848464e-01 3.236119e-01 3.349487e-01 3.514827e-01 3.496904e-01 3.318570e-01 2.847419e-01 2.947314e-02
<GCONST> 9.695687e+01
<TRANSP> 5
 0.000000e+00 1.000000e+00 0.000000e+00 0.000000e+00 0.000000e+00
 0.000000e+00 9.857424e-01 1.425766e-02 0.000000e+00 0.000000e+00
 0.000000e+00 0.000000e+00 9.820381e-01 1.796188e-02 0.000000e+00
 0.000000e+00 0.000000e+00 0.000000e+00 9.961827e-01 3.817301e-03
 0.000000e+00 0.000000e+00 0.000000e+00 0.000000e+00 0.000000e+00
<ENDHMM>
