~o
<STREAMINFO> 1 39
<VECSIZE> 39<NULLD><MFCC_D_A_0><DIAGC>
~h "ap"
<BEGINHMM>
<NUMSTATES> 5
<STATE> 2
<MEAN> 39
 -1.456486e+01 -8.694722e+00 -4.900306e+00 -1.353113e+00 -1.116325e+00 -3.486058e+00 2.135056e+00 -7.605051e-01 -3.640421e-01 -1.200278e-01 4.075187e-01 -1.010624e+00 6.372518e+01 -3.800121e-01 -7.567388e-01 -3.808987e-01 -4.007639e-02 -2.974316e-01 -4.596485e-01 -1.077915e-01 -2.068552e-01 -9.245294e-02 -6.282877e-02 -1.768238e-02 8.054825e-03 1.307369e+00 9.297230e-02 6.443995e-02 3.888548e-02 -3.486244e-03 5.976768e-02 8.942090e-02 6.992427e-02 4.157697e-02 3.687505e-02 1.764796e-02 1.803850e-02 9.096252e-03 -2.094107e-01
<VARIANCE> 39
 3.719909e+01 4.549567e+01 3.330631e+01 2.226102e+01 2.980811e+01 4.056050e+01 3.074488e+01 2.925323e+01 2.400285e+01 2.151907e+01 1.782768e+01 1.563461e+01 1.533034e+02 2.640728e+00 3.314071e+00 1.713035e+00 1.422210e+00 2.279362e+00 3.439322e+00 2.569006e+00 2.612136e+00 2.218934e+00 1.920364e+00 1.640697e+00 1.443734e+00 1.294089e+01 3.823938e-01 4.599639e-01 2.614391e-01 2.466079e-01 3.755857e-01 5.754985e-01 4.635763e-01 4.637094e-01 4.013612e-01 3.487084e-01 2.990963e-01 2.697285e-01 1.952215e+00
<GCONST> 1.170603e+02
<STATE> 3
<MEAN> 39
 -1.136679e+01 -1.684520e+01 -1.119657e+01 1.992642e-01 4.068835e-01 -9.159791e+00 1.819153e-01 -9.988757e-01 -3.635492e+00 -2.840079e+00 8.251442e-01 -5.171791e-01 6.900172e+01 9.438999e-02 4.248698e-02 6.566995e-02 6.375123e-02 8.336931e-02 3.620204e-02 4.124250e-02 1.779744e-02 -6.032695e-04 -1.648167e-03 1.815097e-02 1.371005e-02 -2.528680e-01 -6.640728e-04 1.269940e-02 7.820795e-03 4.676929e-03 5.489599e-03 4.987048e-03 -3.622398e-03 1.340506e-03 -6.034452e-04 1.935635e-03 -1.107836e-03 -1.545804e-03 -8.438677e-03
<VARIANCE> 39
 1.560135e+01 2.522710e+01 2.228646e+01 2.552482e+01 3.359657e+01 2.703448e+01 3.031224e+01 2.375581e+01 2.360453e+01 2.145784e+01 1.731963e+01 1.487031e+01 8.346168e+01 6.098782e-01 7.753778e-01 8.570266e-01 1.094125e+00 1.406539e+00 1.474786e+00 1.649334e+00 1.485406e+00 1.519104e+00 1.460018e+00 1.338410e+00 1.231059e+00 4.386967e+00 1.016931e-01 1.402853e-01 1.530019e-01 2.068486e-01 2.621186e-01 2.891501e-01 3.350590e-01 3.055998e-01 3.121742e-01 3.011914e-01 2.740524e-01 2.541443e-01 6.787434e-01
<GCONST> 9.919956e+01
<STATE> 4
<MEAN> 39
 -1.110178e+01 -1.055737e+01 -5.257751e+00 -1.854557e-01 -2.121555e-02 -4.212783e+00 2.685543e+00 -1.245395e+00 -1.710431e+00 -5.812433e-02 6.308886e-01 -8.151662e-01 6.038229e+01 1.607589e-02 2.168700e-02 1.227244e-02 6.909798e-03 4.411054e-03 1.302722e-02 5.895905e-03 1.002146e-02 3.970159e-03 3.179517e-03 -5.692196e-04 -1.433741e-03 -4.246074e-02 -9.375126e-04 -7.354369e-04 -1.548575e-03 -1.554329e-03 -1.768106e-03 -1.697039e-03 -1.519215e-03 -3.268152e-04 -7.426833e-04 -1.272280e-03 -3.930534e-04 -2.704002e-04 2.113486e-03
<VARIANCE> 39
 2.653954e+01 5.589083e+01 2.779080e+01 2.506191e+01 3.378605e+01 3.638594e+01 2.830147e+01 3.123141e+01 2.459303e+01 1.994522e+01 1.698302e+01 1.510673e+01 1.249696e+02 9.335194e-01 1.293878e+00 9.210942e-01 9.690386e-01 1.406647e+00 1.703801e+00 1.610226e+00 1.744065e+00 1.602540e+00 1.459548e+00 1.367539e+00 1.225992e+00 5.195457e+00 1.459213e-01 1.985097e-01 1.575758e-01 1.820830e-01 2.603627e-01 3.209541e-01 3.178013e-01 3.381094e-01 3.254347e-01 2.985765e-01 2.774035e-01 2.497657e-01 7.685823e-01
<GCONST> 1.039212e+02
<TRANSP> 5
 0.000000e+00 1.000000e+00 0.000000e+00 0.000000e+00 0.000000e+00
 0.000000e+00 9.275383e-01 7.246166e-02 0.000000e+00 0.000000e+00
 0.000000e+00 0.000000e+00 9.867248e-01 1.327525e-02 0.000000e+00
 0.000000e+00 0.000000e+00 0.000000e+00 9.949236e-01 5.076403e-03
 0.000000e+00 0.000000e+00 0.000000e+00 0.000000e+00 0.000000e+00
<ENDHMM>
~h "cl"
<BEGINHMM>
<NUMSTATES> 5
<STATE> 2
<MEAN> 39
 -1.189370e+01 -1.794151e+00 -1.226570e+00 -3.999305e+00 -1.552862e+00 4.451061e+00 3.375818e+00 6.027292e-01 3.424701e+00 1.214483e-01 -2.496584e+00 7.791885e-01 5.378377e+01 -3.064557e-01 4.321392e-02 3.825685e-02 -2.696709e-02 -8.640451e-02 1.377500e-01 -7.320613e-02 -1.276804e-01 7.870841e-02 -3.352200e-02 -1.084683e-01 8.299183e-02 2.330966e-01 -3.792056e-02 -1.730919e-03 1.825370e-02 -1.021100e-02 -2.506058e-02 3.956376e-02 -1.207382e-02 -3.341508e-02 1.920445e-02 -4.686887e-03 -3.650441e-02 2.683280e-02 2.660817e-02
<VARIANCE> 39
 3.953408e+01 3.052054e+01 3.062765e+01 1.556588e+01 1.978017e+01 4.475469e+01 2.450985e+01 2.658824e+01 3.403969e+01 2.247525e+01 2.542073e+01 2.236874e+01 5.620715e+01 2.474781e+00 8.273141e-01 7.855762e-01 9.240564e-01 1.321622e+00 2.093621e+00 1.737540e+00 2.055906e+00 2.085906e+00 1.779085e+00 1.802437e+00 1.591427e+00 2.206167e+00 2.917489e-01 1.242279e-01 1.352374e-01 1.674071e-01 2.348181e-01 3.415698e-01 3.101771e-01 3.600179e-01 3.650768e-01 3.296783e-01 3.186581e-01 2.795269e-01 2.773032e-01
<GCONST> 1.034218e+02
<STATE> 3
<MEAN> 39
 -2.008248e+01 2.376427e+00 -8.028154e-01 -6.849911e+00 -4.594003e+00 1.210050e+01 6.107275e-01 -2.142060e+00 8.777346e+00 -3.760036e+00 -4.110195e+00 5.237450e+00 5.889566e+01 2.600197e-02 -5.660278e-03 -7.417500e-03 4.790888e-03 4.388672e-04 -3.352278e-03 4.800276e-03 -1.308553e-02 -7.720598e-03 -5.392539e-04 -4.605330e-03 1.792344e-03 -1.367047e-02 1.130118e-02 -2.133698e-03 -1.840504e-03 1.700828e-03 3.823654e-03 -7.206672e-03 2.537046e-03 4.327042e-03 -5.796506e-03 4.116757e-03 4.208352e-03 -5.303186e-03 -8.005020e-03
<VARIANCE> 39
 5.093304e+01 1.093092e+01 2.011743e+01 1.296458e+01 1.633041e+01 3.438185e+01 2.702465e+01 2.193381e+01 2.770367e+01 2.013273e+01 1.913534e+01 2.088850e+01 2.366880e+01 1.838041e+00 5.010046e-01 8.122876e-01 9.271817e-01 1.245502e+00 1.923562e+00 1.867182e+00 1.697725e+00 1.908095e+00 1.666422e+00 1.562315e+00 1.671512e+00 1.026182e+00 3.361589e-01 9.190540e-02 1.519794e-01 1.843711e-01 2.411272e-01 3.606500e-01 3.627943e-01 3.335181e-01 3.783540e-01 3.389388e-01 3.098968e-01 3.222310e-01 1.886665e-01
<GCONST> 9.792941e+01
<STATE> 4
<MEAN> 39
 -2.223260e+01 5.310678e-01 5.337904e+00 -4.121373e+00 -6.421068e+00 1.061487e+01 1.303894e+00 -5.950927e+00 3.636651e+00 4.344657e+00 -1.146138e+01 4.660003e+00 5.795865e+01 5.098556e-02 -5.133641e-03 4.182281e-03 -7.111972e-03 3.511487e-03 -1.356975e-02 -5.843894e-04 7.044293e-03 2.707888e-04 -4.307267e-03 7.738049e-03 -3.230602e-03 -4.033756e-02 2.159882e-03 7.047752e-04 -2.998071e-03 6.018265e-04 3.107463e-03 -3.452747e-03 4.373266e-04 4.909735e-03 -1.124442e-03 -1.413926e-03 4.841676e-03 -2.675768e-03 -1.850231e-03
<VARIANCE> 39
 3.956935e+01 1.026234e+01 1.678781e+01 1.608638e+01 2.941564e+01 2.984974e+01 2.937235e+01 4.866414e+01 3.879156e+01 3.200047e+01 3.081714e+01 3.178266e+01 3.665100e+01 1.327743e+00 4.737123e-01 9.964343e-01 9.296573e-01 1.384728e+00 1.833899e+00 1.732631e+00 2.463071e+00 2.484603e+00 2.000229e+00 1.856554e+00 1.733525e+00 1.342317e+00 2.471745e-01 8.840769e-02 1.917150e-01 1.825279e-01 2.683390e-01 3.535794e-01 3.412428e-01 4.600798e-01 4.835646e-01 3.865826e-01 3.710265e-01 3.439228e-01 2.540075e-01
<GCONST> 1.033580e+02
<TRANSP> 5
 0.000000e+00 1.000000e+00 0.000000e+00 0.000000e+00 0.000000e+00
 0.000000e+00 9.488506e-01 5.114943e-02 0.000000e+00 0.000000e+00
 0.000000e+00 0.000000e+00 9.921392e-01 7.860762e-03 0.000000e+00
 0.000000e+00 0.000000e+00 0.000000e+00 9.935679e-01 6.432096e-03
 0.000000e+00 0.000000e+00 0.000000e+00 0.000000e+00 0.000000e+00
<ENDHMM>
~h "cm"
<BEGINHMM>
<NUMSTATES> 5
<STATE> 2
<MEAN> 39
 -1.193075e+01 -2.206336e-01 -3.622492e+00 -5.802268e+00 -4.927916e-01 6.277734e-01 -4.232446e-01 1.332938e+00 -3.958012e-01 1.352109e+00 2.519851e+00 -8.854666e-02 5.730774e+01 -1.316592e-02 -3.406230e-02 -4.037693e-02 -3.931896e-02 -9.475611e-04 -1.434573e-02 -5.159633e-02 -2.815084e-02 -2.953446e-02 -1.162661e-02 1.997693e-03 1.188450e-02 1.483709e-01 1.166481e-02 -6.842377e-03 -5.844139e-03 -7.831617e-04 -6.887037e-03 -1.624395e-02 -1.346265e-02 -1.724969e-02 -1.413330e-02 -1.096607e-02 -9.447427e-03 -5.380103e-03 1.418395e-02
<VARIANCE> 39
 1.474128e+01 1.432950e+01 1.327329e+01 1.550642e+01 1.593692e+01 1.698980e+01 2.032302e+01 1.810591e+01 1.819277e+01 1.702123e+01 1.897951e+01 1.692686e+01 2.353249e+01 2.715223e-01 4.038751e-01 5.501801e-01 8.387365e-01 1.031877e+00 1.249985e+00 1.383428e+00 1.458760e+00 1.463680e+00 1.401656e+00 1.390602e+00 1.255071e+00 3.519835e-01 3.930222e-02 6.568693e-02 9.720723e-02 1.511063e-01 1.946577e-01 2.390209e-01 2.666172e-01 2.846418e-01 2.864312e-01 2.753931e-01 2.696989e-01 2.465647e-01 3.845999e-02
<GCONST> 8.240212e+01
<STATE> 3
<MEAN> 39
 -1.007373e+01 -2.738855e+00 -5.210323e+00 -6.369225e+00 -1.558494e+00 -2.134937e+00 -3.141333e+00 -1.428024e+00 -2.781585e+00 -6.988177e-01 3.921610e-01 -8.979346e-01 6.603743e+01 1.400377e-01 -4.272074e-03 1.070353e-03 -9.287648e-03 -5.421528e-02 -8.046681e-02 -5.406776e-02 -5.922708e-02 -4.979823e-02 -6.636082e-02 -9.145276e-02 -5.264376e-02 3.108737e-01 2.173987e-03 1.616840e-02 1.275874e-02 1.460473e-02 1.567045e-02 2.527359e-02 2.461001e-02 2.328396e-02 1.566728e-02 7.505917e-03 3.726470e-03 -2.795674e-03 -3.086331e-02
<VARIANCE> 39
 1.723238e+01 1.401858e+01 1.318133e+01 1.585229e+01 1.664368e+01 1.668895e+01 1.792337e+01 1.889498e+01 1.938470e+01 1.850708e+01 2.066735e+01 1.717002e+01 4.645428e+01 4.838066e-01 6.211548e-01 6.907358e-01 9.661528e-01 1.176059e+00 1.349671e+00 1.457802e+00 1.560118e+00 1.558673e+00 1.485823e+00 1.468870e+00 1.337858e+00 9.660795e-01 6.798610e-02 1.046033e-01 1.294964e-01 1.827482e-01 2.264753e-01 2.615455e-01 2.893686e-01 3.076380e-01 3.125370e-01 2.986649e-01 2.936912e-01 2.695076e-01 1.125312e-01
<GCONST> 8.968169e+01
<STATE> 4
<MEAN> 39
 -5.460389e+00 -1.035515e-01 -3.864778e+00 -5.098926e+00 -1.530153e+00 -2.057750e+00 -2.839262e+00 -1.707394e+00 -2.607848e+00 -1.952080e+00 -1.280879e+00 -2.357619e+00 6.784657e+01 4.017583e-02 3.819228e-02 5.436991e-02 6.758347e-02 5.261998e-02 3.358565e-02 3.325466e-02 -3.944795e-04 4.610711e-03 -2.165447e-03 4.619898e-03 5.170815e-03 -2.073573e-01 -4.743928e-03 -1.299937e-03 -4.361143e-04 -1.269391e-03 4.006588e-05 5.461816e-04 5.668829e-04 8.638215e-04 7.815675e-04 2.752443e-03 3.683410e-03 2.023325e-03 -7.810118e-03
<VARIANCE> 39
 9.667230e+00 1.123158e+01 1.247331e+01 1.488554e+01 1.510935e+01 1.453350e+01 1.630919e+01 1.716052e+01 1.804811e+01 1.587345e+01 1.479167e+01 1.286657e+01 6.861559e+01 1.886005e-01 2.941358e-01 4.666509e-01 6.969070e-01 8.810067e-01 1.028601e+00 1.177476e+00 1.265281e+00 1.322762e+00 1.294752e+00 1.248858e+00 1.147708e+00 2.929474e-01 2.903838e-02 5.257365e-02 8.805791e-02 1.336582e-01 1.713635e-01 2.032870e-01 2.351077e-01 2.526152e-01 2.653294e-01 2.613010e-01 2.517427e-01 2.317058e-01 2.373927e-02
<GCONST> 7.734628e+01
<TRANSP> 5
 0.000000e+00 1.000000e+00 0.000000e+00 0.000000e+00 0.000000e+00
 0.000000e+00 9.638839e-01 3.611611e-02 0.000000e+00 0.000000e+00
 0.000000e+00 0.000000e+00 9.600152e-01 3.998485e-02 0.000000e+00
 0.000000e+00 0.000000e+00 0.000000e+00 9.850528e-01 1.494716e-02
 0.000000e+00 0.000000e+00 0.000000e+00 0.000000e+00 0.000000e+00
<ENDHMM>
~h "co"
<BEGINHMM>
<NUMSTATES> 5
<STATE> 2
<MEAN> 39
 -6.828122e+00 -7.999253e+00 -1.169196e+00 -3.170372e+00 -9.177042e+00 -4.170024e+00 -5.388297e+00 5.995358e-01 -1.610014e+00 -4.608267e+00 -4.088323e+00 -5.767262e+00 6.387732e+01 -5.247130e-01 -6.026860e-02 2.804508e-01 -4.185758e-01 -5.437691e-01 -7.742877e-01 -2.248866e-01 -6.068096e-01 -6.929836e-01 -6.360784e-01 -2.855952e-01 -2.155858e-01 2.216896e+00 -4.188633e-02 1.037207e-01 -1.548921e-02 5.223681e-02 2.282121e-01 1.016185e-01 1.344130e-01 4.348904e-02 8.940490e-03 6.357101e-02 1.069834e-01 7.771544e-02 -1.303430e-01
<VARIANCE> 39
 2.170696e+01 4.309449e+01 2.529685e+01 3.655035e+01 7.193250e+01 5.514288e+01 1.031584e+02 6.148613e+01 5.802375e+01 5.721488e+01 4.242555e+01 3.970140e+01 1.072170e+02 1.185342e+00 3.115388e+00 1.899513e+00 2.565632e+00 4.725902e+00 3.349982e+00 4.366110e+00 3.324733e+00 3.518888e+00 2.919047e+00 2.524691e+00 2.425709e+00 4.644578e+00 1.507328e-01 4.858986e-01 2.999348e-01 3.852448e-01 6.232603e-01 5.318924e-01 6.678225e-01 4.971780e-01 5.856357e-01 4.917632e-01 4.439541e-01 3.976904e-01 5.535867e-01
<GCONST> 1.260558e+02
<STATE> 3
<MEAN> 39
 -7.152075e+00 -7.674795e+00 -2.159339e+00 -3.750989e+00 -7.368272e+00 -8.546624e+00 -6.891150e+00 -6.597762e+00 -4.070012e+00 -3.915114e+00 -3.556111e+00 -7.969711e+00 6.828011e+01 7.238416e-02 -1.520508e-02 1.002075e-02 5.182866e-02 8.934075e-02 1.835948e-02 -6.460723e-02 -5.316448e-02 1.522355e-02 3.195096e-02 2.876659e-03 -3.630083e-02 -1.050089e-01 1.576110e-02 -1.721119e-03 3.858834e-03 7.594204e-03 -7.921556e-04 8.188913e-03 -2.469974e-03 6.958618e-03 6.100519e-03 3.386233e-03 -5.740587e-03 -1.956127e-03 -3.000228e-02
<VARIANCE> 39
 1.937400e+01 1.569563e+01 2.704914e+01 2.285994e+01 2.747998e+01 2.978290e+01 4.989568e+01 6.243926e+01 4.248239e+01 4.063446e+01 3.661263e+01 3.643309e+01 4.981143e+01 5.023152e-01 8.309147e-01 9.408399e-01 1.170791e+00 1.845138e+00 1.613015e+00 2.249024e+00 2.392503e+00 2.694112e+00 2.274412e+00 2.014932e+00 1.770094e+00 1.343269e+00 6.983282e-02 1.644265e-01 1.659724e-01 2.205425e-01 3.344151e-01 3.064092e-01 4.000283e-01 4.444751e-01 5.460705e-01 4.484213e-01 3.944117e-01 3.350835e-01 1.610526e-01
<GCONST> 1.054702e+02
<STATE> 4
<MEAN> 39
 -4.355242e+00 -4.294162e+00 2.336984e+00 5.392740e-01 -1.482559e+00 -3.080348e+00 -5.756672e+00 -3.724635e+00 -2.514522e+00 -4.185400e+00 -3.540642e+00 -7.081016e+00 5.813685e+01 6.213901e-02 1.320902e-01 3.506269e-02 4.603089e-02 1.281602e-01 9.969171e-02 8.375281e-02 8.408446e-02 9.836489e-04 7.055702e-03 5.464912e-03 4.012481e-02 -2.943591e-01 -4.469417e-03 -7.058893e-04 -7.172889e-03 -6.893116e-03 -1.038115e-02 -3.380445e-03 4.940487e-04 3.080610e-03 2.205588e-04 -9.418390e-04 -1.929154e-03 -2.098732e-03 5.318196e-03
<VARIANCE> 39
 1.519992e+01 2.814650e+01 2.056959e+01 2.398900e+01 3.159007e+01 3.313336e+01 5.710823e+01 4.585537e+01 3.246243e+01 3.645450e+01 3.157995e+01 2.898491e+01 6.723437e+01 2.887293e-01 6.085790e-01 6.733839e-01 8.441716e-01 1.315711e+00 1.276107e+00 1.757158e+00 1.640066e+00 1.640749e+00 1.722085e+00 1.598015e+00 1.513883e+00 7.732883e-01 4.138677e-02 1.006872e-01 1.216962e-01 1.596412e-01 2.447144e-01 2.420163e-01 3.225813e-01 3.032339e-01 3.236024e-01 3.404229e-01 3.171462e-01 3.005672e-01 6.789903e-02
<GCONST> 9.598404e+01
<TRANSP> 5
 0.000000e+00 1.000000e+00 0.000000e+00 0.000000e+00 0.000000e+00
 0.000000e+00 8.666896e-01 1.333104e-01 0.000000e+00 0.000000e+00
 0.000000e+00 0.000000e+00 9.837238e-01 1.627627e-02 0.000000e+00
 0.000000e+00 0.000000e+00 0.000000e+00 9.817233e-01 1.827666e-02
 0.000000e+00 0.000000e+00 0.000000e+00 0.000000e+00 0.000000e+00
<ENDHMM>
~h "ds"
<BEGINHMM>
<NUMSTATES> 5
<STATE> 2
<MEAN> 39
 -1.400648e+01 -7.619451e-01 9.816137e-02 -6.892440e-01 -6.190414e-02 -1.179541e+00 4.097941e+00 1.538017e-01 2.605546e+00 1.556551e+00 2.493071e+00 8.407637e-01 6.555504e+01 -1.866940e-01 7.827126e-02 -3.275481e-02 -3.680398e-02 -1.708810e-01 -1.024642e-01 -8.026827e-02 -1.349304e-02 2.006478e-02 1.444338e-01 1.364493e-01 1.085439e-01 8.681220e-01 6.655548e-02 1.507329e-02 1.709620e-02 4.050383e-02 4.298983e-02 1.632201e-02 9.500541e-03 8.827393e-03 8.670046e-03 -1.268561e-02 3.584673e-03 -4.562563e-03 -1.463212e-01
<VARIANCE> 39
 2.435062e+01 1.713230e+01 1.647295e+01 2.011384e+01 2.603127e+01 2.174188e+01 2.894982e+01 3.185773e+01 2.468707e+01 2.215052e+01 1.943622e+01 1.608372e+01 1.159725e+02 1.891688e+00 1.069775e+00 1.339852e+00 1.681342e+00 2.148596e+00 2.144225e+00 2.370643e+00 2.233442e+00 2.030628e+00 1.931816e+00 1.910647e+00 1.542984e+00 6.412576e+00 3.095346e-01 1.807581e-01 2.173505e-01 3.095060e-01 3.804379e-01 3.892273e-01 4.244970e-01 4.220904e-01 3.847764e-01 3.664211e-01 3.619519e-01 2.910487e-01 1.022420e+00
<GCONST> 1.091002e+02
<STATE> 3
<MEAN> 39
 -1.330187e+01 5.768560e-01 -2.904136e-01 1.058393e+00 9.728212e-01 -1.341394e+00 2.137127e+00 -1.862390e+00 2.337097e+00 2.555089e+00 3.587464e+00 5.362641e-01 6.827850e+01 2.948747e-01 1.111460e-02 1.132683e-01 1.137900e-01 3.578641e-01 1.365482e-01 7.723989e-02 -6.764714e-02 -7.218495e-02 -6.642477e-02 -2.726041e-02 -1.603963e-01 -7.120823e-01 3.098016e-03 -2.781197e-03 -1.089724e-02 -2.676121e-02 -1.462720e-02 1.158822e-02 1.579607e-02 8.866004e-03 -4.682746e-03 -1.078020e-02 -2.521561e-02 -1.128312e-02 -4.114312e-03
<VARIANCE> 39
 9.438872e+00 9.107058e+00 1.298778e+01 1.633272e+01 2.605142e+01 1.826511e+01 2.029406e+01 1.702355e+01 1.635448e+01 1.472682e+01 1.414515e+01 1.560657e+01 3.400763e+01 1.349114e-01 2.650720e-01 4.383834e-01 6.834942e-01 9.751498e-01 1.101146e+00 1.240132e+00 1.335161e+00 1.377306e+00 1.429948e+00 1.381041e+00 1.239217e+00 6.894337e-02 2.786835e-02 5.371610e-02 9.153792e-02 1.395238e-01 1.999599e-01 2.302773e-01 2.542197e-01 2.721073e-01 2.826275e-01 2.927370e-01 2.848937e-01 2.551210e-01 1.352623e-02
<GCONST> 7.645514e+01
<STATE> 4
<MEAN> 39
 -9.660277e+00 6.639926e-01 1.272772e+00 -4.788705e-01 2.615593e+00 6.170066e-01 3.067856e+00 8.340296e-01 2.263072e+00 -2.597913e-01 1.588244e+00 -7.670220e-01 5.461467e+01 1.897466e-02 9.497093e-03 1.764673e-02 8.796017e-03 3.220656e-03 1.585711e-02 2.103793e-02 2.499244e-02 1.307988e-02 -6.214934e-03 -9.525274e-03 7.810394e-03 -3.723674e-02 -1.668142e-03 -1.594974e-04 9.036280e-05 1.281551e-03 -2.234930e-04 -7.589351e-04 -1.929263e-03 -1.540018e-03 4.046169e-05 1.860246e-03 2.038409e-03 1.140621e-03 1.768747e-03
<VARIANCE> 39
 1.723396e+01 1.361637e+01 1.854410e+01 1.947668e+01 2.006077e+01 2.377581e+01 2.618988e+01 2.148709e+01 2.547166e+01 2.318434e+01 1.788021e+01 1.638828e+01 5.108774e+01 5.813908e-01 5.317091e-01 7.036365e-01 9.458936e-01 1.176410e+00 1.437609e+00 1.578719e+00 1.591092e+00 1.673206e+00 1.634013e+00 1.473266e+00 1.299203e+00 8.529322e-01 9.621385e-02 9.698995e-02 1.299078e-01 1.825574e-01 2.292584e-01 2.794487e-01 3.092883e-01 3.157108e-01 3.291920e-01 3.249029e-01 2.949112e-01 2.618094e-01 1.117175e-01
<GCONST> 9.240260e+01
<TRANSP> 5
 0.000000e+00 1.000000e+00 0.000000e+00 0.000000e+00 0.000000e+00
 0.000000e+00 9.400405e-01 5.995957e-02 0.000000e+00 0.000000e+00
 0.000000e+00 0.000000e+00 9.535593e-01 4.644071e-02 0.000000e+00
 0.000000e+00 0.000000e+00 0.000000e+00 9.929575e-01 7.042522e-03
 0.000000e+00 0.000000e+00 0.000000e+00 0.000000e+00 0.000000e+00
<ENDHMM>
~h "kj"
<BEGINHMM>
<NUMSTATES> 5
<STATE> 2
<MEAN> 39
 -1.988388e+01 3.168006e+00 -7.002096e-01 -2.680163e+00 -1.295770e+00 3.159695e+00 2.056727e+00 3.684308e+00 1.434248e+00 -1.697603e-01 1.269400e+00 -9.329979e-01 5.592327e+01 -2.418956e-02 1.746778e-02 6.126575e-03 -2.777548e-03 -1.712865e-03 6.238041e-03 7.200363e-03 5.404474e-04 3.235247e-03 -1.067339e-03 3.774465e-04 1.498024e-04 5.083153e-03 1.338913e-03 -1.161471e-03 -3.955103e-04 5.788137e-04 -6.549630e-04 -9.156400e-04 -5.597588e-04 1.373551e-04 -9.733702e-04 9.348788e-04 -2.850742e-04 1.089699e-04 -3.065544e-04
<VARIANCE> 39
 3.297152e+01 2.508408e+01 1.880209e+01 2.660417e+01 1.704618e+01 3.279410e+01 2.981608e+01 2.259440e+01 2.061952e+01 2.091111e+01 1.688427e+01 1.639494e+01 2.326853e+01 6.540021e-01 5.700944e-01 7.542026e-01 9.242001e-01 1.151683e+00 1.420609e+00 1.569524e+00 1.612997e+00 1.595749e+00 1.597579e+00 1.471111e+00 1.321611e+00 3.950685e-01 1.071243e-01 1.033181e-01 1.408380e-01 1.811523e-01 2.243075e-01 2.788934e-01 3.087254e-01 3.203843e-01 3.204873e-01 3.225546e-01 2.973266e-01 2.659423e-01 6.082145e-02
<GCONST> 9.216764e+01
<STATE> 3
<MEAN> 39
 -1.505398e+01 -8.323274e+00 -5.309532e+00 -2.286226e+00 -2.215099e+00 -4.083694e+00 -2.334888e+00 -2.186857e+00 -1.062743e+00 1.526199e-01 7.111722e-01 -1.529218e-01 6.413335e+01 5.260375e-02 -1.330030e-01 -3.939971e-02 2.958035e-02 1.839122e-02 -7.622708e-02 -4.923343e-02 -5.904937e-02 -2.798650e-02 7.212892e-03 1.494195e-04 1.347363e-02 5.737926e-02 8.769957e-04 1.717822e-02 1.678951e-02 1.608191e-03 5.496362e-03 1.757191e-02 2.389581e-02 1.207101e-02 6.683309e-03 4.251333e-03 -8.565748e-04 -7.998660e-03 -2.024107e-02
<VARIANCE> 39
 1.982106e+01 3.696262e+01 1.535889e+01 1.671946e+01 1.813664e+01 2.080729e+01 2.317700e+01 2.268979e+01 1.967968e+01 1.766109e+01 1.635389e+01 1.445585e+01 7.036390e+01 6.914396e-01 2.069526e+00 1.095802e+00 1.052179e+00 1.255293e+00 1.708085e+00 1.838700e+00 1.781497e+00 1.650240e+00 1.563745e+00 1.439212e+00 1.337166e+00 2.212976e+00 1.077779e-01 3.333734e-01 2.020860e-01 1.994864e-01 2.413398e-01 3.175993e-01 3.470179e-01 3.409633e-01 3.315754e-01 3.165222e-01 2.928410e-01 2.701798e-01 2.946607e-01
<GCONST> 9.918446e+01
<STATE> 4
<MEAN> 39
 -2.139335e+01 3.729033e-01 1.477914e+00 3.589621e-01 -2.709199e+00 5.629444e-02 6.281831e+00 3.474080e-01 -2.029668e+00 4.256617e+00 5.217038e-01 -3.194604e+00 5.687231e+01 3.352717e-02 4.109357e-03 7.251271e-03 -4.574812e-03 7.077292e-03 3.900983e-03 5.893556e-03 1.094450e-02 8.267086e-03 -5.682034e-03 -2.975537e-03 -2.987605e-04 -3.202764e-02 2.645354e-03 -1.292804e-03 -2.550194e-03 -1.531058e-03 9.363044e-04 -1.027814e-03 -4.300869e-03 -8.242722e-04 -8.544736e-05 -2.515899e-03 7.080887e-04 1.797233e-03 -5.166847e-04
<VARIANCE> 39
 3.772585e+01 2.893040e+01 1.904831e+01 2.201699e+01 1.734751e+01 2.621743e+01 3.471580e+01 2.171195e+01 2.129291e+01 2.445752e+01 1.737241e+01 1.668252e+01 3.383542e+01 5.023373e-01 7.669580e-01 7.155585e-01 9.278443e-01 1.153080e+00 1.352816e+00 1.674022e+00 1.565948e+00 1.585804e+00 1.699342e+00 1.451206e+00 1.302573e+00 5.461717e-01 8.175322e-02 1.328592e-01 1.337336e-01 1.790451e-01 2.258053e-01 2.653005e-01 3.240443e-01 3.144946e-01 3.207610e-01 3.412973e-01 2.916319e-01 2.622132e-01 7.844478e-02
<GCONST> 9.328898e+01
<TRANSP> 5
 0.000000e+00 1.000000e+00 0.000000e+00 0.000000e+00 0.000000e+00
 0.000000e+00 9.935058e-01 6.494201e-03 0.000000e+00 0.000000e+00
 0.000000e+00 0.000000e+00 9.747542e-01 2.524583e-02 0.000000e+00
 0.000000e+00 0.000000e+00 0.000000e+00 9.917577e-01 8.242285e-03
 0.000000e+00 0.000000e+00 0.000000e+00 0.000000e+00 0.000000e+00
<ENDHMM>
~h "kn"
<BEGINHMM>
<NUMSTATES> 5
<STATE> 2
<MEAN> 39
 -4.826379e-01 1.191117e+00 -2.658740e+00 -3.247880e+00 1.348887e+00 -2.574969e-01 5.688405e-01 -8.149090e-01 5.409305e-01 1.939888e-01 -1.745391e-01 -1.294331e+00 5.666861e+01 1.504897e-01 7.692199e-03 -1.305977e-01 1.355609e-01 1.464029e-01 -1.798372e-01 2.415125e-01 -2.850506e-01 4.316640e-01 1.911515e-01 2.498127e-01 1.628731e-01 1.443413e+00 -4.487956e-02 9.073906e-02 6.235656e-02 3.301351e-02 3.373104e-02 1.080929e-01 3.226525e-02 6.824870e-02 -3.766244e-02 1.011938e-03 1.190117e-02 1.558606e-02 -2.655638e-01
<VARIANCE> 39
 3.191301e+01 3.743687e+01 3.185466e+01 1.345984e+01 2.601446e+01 2.912921e+01 3.321392e+01 4.084065e+01 2.454073e+01 2.376724e+01 2.397562e+01 1.691929e+01 1.085770e+02 2.493164e+00 1.638896e+00 1.875822e+00 1.191764e+00 1.503632e+00 2.475817e+00 2.729823e+00 3.170046e+00 2.259790e+00 2.211397e+00 2.134168e+00 1.721447e+00 5.969977e+00 3.773556e-01 2.461935e-01 2.988333e-01 1.940704e-01 2.481578e-01 4.142420e-01 4.438873e-01 5.332004e-01 3.897673e-01 3.807456e-01 3.505574e-01 2.873141e-01 8.450140e-01
<GCONST> 1.127985e+02
<STATE> 3
<MEAN> 39
 5.414928e+00 -1.189230e+00 -4.193842e+00 -1.099118e-01 3.513053e+00 -7.422991e-01 1.383671e+00 -1.697815e+00 1.439285e+00 3.989415e-01 1.221180e+00 1.253943e-02 6.015939e+01 4.990010e-02 -1.029468e-02 1.791837e-02 3.957334e-02 2.771726e-02 1.529453e-02 1.043528e-02 1.752914e-02 -2.056616e-02 3.066878e-03 8.383940e-05 8.633972e-03 -5.956820e-02 2.287652e-03 -2.827576e-03 9.059498e-05 -1.100401e-03 1.230871e-04 1.154257e-04 -5.343550e-03 7.841327e-04 -8.541592e-03 -5.482256e-03 -6.348674e-03 -4.966024e-03 -1.417845e-02
<VARIANCE> 39
 1.203571e+01 2.603864e+01 1.613362e+01 1.568214e+01 2.074408e+01 2.548815e+01 2.257844e+01 2.184251e+01 2.142786e+01 2.010857e+01 1.710641e+01 1.635231e+01 3.338260e+01 4.376820e-01 9.380807e-01 8.697091e-01 1.033617e+00 1.297359e+00 1.685446e+00 1.638885e+00 1.816760e+00 1.710524e+00 1.669886e+00 1.540220e+00 1.384415e+00 1.892390e+00 7.954399e-02 1.781176e-01 1.640209e-01 2.052685e-01 2.535766e-01 3.358618e-01 3.398779e-01 3.727254e-01 3.541692e-01 3.472852e-01 3.189448e-01 2.858939e-01 3.317749e-01
<GCONST> 9.618748e+01
<STATE> 4
<MEAN> 39
 3.613720e+00 1.649692e+00 -9.500460e-01 7.362586e-01 4.717072e+00 2.086739e+00 2.082573e+00 5.435397e-01 -6.916188e-02 1.637788e-01 6.722840e-01 -6.990129e-01 5.327661e+01 -1.576494e-01 1.445359e-01 1.942470e-01 2.793922e-02 2.115124e-02 1.898490e-01 -6.894129e-03 1.392137e-01 -7.889518e-02 -1.244420e-02 -2.823894e-02 -5.596445e-02 -4.720799e-01 -9.644134e-03 -1.320018e-02 -9.023082e-03 -1.515706e-02 -1.974375e-02 -1.567175e-02 -6.359975e-03 -9.130524e-03 3.062842e-03 -1.736714e-03 9.292847e-04 -3.493872e-03 2.216619e-02
<VARIANCE> 39
 1.792579e+01 1.891901e+01 1.685453e+01 1.431685e+01 2.197724e+01 2.237787e+01 2.417413e+01 2.148746e+01 2.245287e+01 2.054210e+01 1.794030e+01 1.683780e+01 3.890572e+01 1.953620e-01 3.032348e-01 4.609196e-01 6.602832e-01 8.966451e-01 1.071912e+00 1.246251e+00 1.360103e+00 1.384546e+00 1.443287e+00 1.364543e+00 1.220778e+00 1.491045e-01 2.563643e-02 4.935888e-02 8.602646e-02 1.300552e-01 1.764347e-01 2.111544e-01 2.508214e-01 2.707589e-01 2.790720e-01 2.901900e-01 2.722800e-01 2.452320e-01 1.078287e-02
<GCONST> 7.982343e+01
<TRANSP> 5
 0.000000e+00 1.000000e+00 0.000000e+00 0.000000e+00 0.000000e+00
 0.000000e+00 8.674774e-01 1.325226e-01 0.000000e+00 0.000000e+00
 0.000000e+00 0.000000e+00 9.843704e-01 1.562962e-02 0.000000e+00
 0.000000e+00 0.000000e+00 0.000000e+00 9.615445e-01 3.845552e-02
 0.000000e+00 0.000000e+00 0.000000e+00 0.000000e+00 0.000000e+00
<ENDHMM>
~h "kt"
<BEGINHMM>
<NUMSTATES> 5
<STATE> 2
<MEAN> 39
 -1.189005e+01 -8.716856e-02 -7.245447e+00 -2.487483e+00 1.665347e-01 6.566086e-01 5.425642e+00 2.293092e+00 2.138253e+00 5.178729e-01 9.297068e-01 -1.241272e+00 5.595649e+01 -8.821998e-03 3.994184e-03 -4.582894e-03 5.179705e-03 2.509346e-04 -7.474035e-03 -2.202327e-03 -3.302486e-03 -3.236451e-03 -4.526027e-03 -1.480523e-03 -1.558001e-03 1.444358e-02 1.948565e-03 -1.674296e-04 2.176046e-03 7.031460e-04 8.188894e-04 -5.561201e-04 -9.582429e-04 -1.113939e-03 -9.738574e-04 -4.799566e-04 -6.595783e-04 -5.687965e-05 -2.181856e-03
<VARIANCE> 39
 1.749389e+01 7.779130e+00 8.389977e+00 1.175218e+01 1.353373e+01 1.890244e+01 1.787635e+01 1.645670e+01 1.762729e+01 1.545761e+01 1.519831e+01 1.383617e+01 2.310436e+01 1.170676e+00 4.924330e-01 6.744853e-01 9.412076e-01 1.223827e+00 1.548576e+00 1.644557e+00 1.576189e+00 1.673459e+00 1.593111e+00 1.500880e+00 1.309925e+00 1.354784e+00 2.235444e-01 9.567493e-02 1.342237e-01 1.869728e-01 2.482588e-01 3.142505e-01 3.353020e-01 3.208635e-01 3.390386e-01 3.284562e-01 3.056669e-01 2.655656e-01 2.451209e-01
<GCONST> 9.063071e+01
<STATE> 3
<MEAN> 39
 -1.278889e+01 1.872270e+00 -3.924484e+00 -8.321021e-02 4.408063e-01 -2.122551e+00 2.297320e+00 1.537147e+00 1.413778e+00 -1.118851e+00 -2.422184e-01 -1.520164e+00 5.394789e+01 8.218223e-03 4.204550e-03 -7.565962e-04 5.004069e-03 1.374883e-02 -1.213162e-04 1.088228e-02 -7.676210e-03 3.226747e-03 -4.399826e-03 -1.311872e-04 -1.898826e-03 -9.808389e-03 8.374292e-03 -3.164214e-04 1.182624e-03 -2.351923e-03 2.806751e-03 8.105606e-03 6.619010e-03 6.264981e-03 4.388221e-03 6.187425e-03 3.811059e-03 1.970087e-03 -1.413637e-02
<VARIANCE> 39
 9.238077e+00 9.026499e+00 1.037360e+01 1.331774e+01 1.515536e+01 1.569217e+01 1.843510e+01 1.800174e+01 1.924833e+01 1.832625e+01 1.691906e+01 1.438565e+01 2.157899e+01 8.652523e-01 5.058521e-01 7.576137e-01 9.950266e-01 1.328944e+00 1.426066e+00 1.613491e+00 1.630578e+00 1.739411e+00 1.719815e+00 1.576301e+00 1.378877e+00 1.554399e+00 1.736146e-01 9.926698e-02 1.523870e-01 1.998999e-01 2.674800e-01 2.896904e-01 3.285519e-01 3.316078e-01 3.531546e-01 3.514832e-01 3.210265e-01 2.822907e-01 2.991242e-01
<GCONST> 9.152742e+01
<STATE> 4
<MEAN> 39
 -1.021486e+01 2.936038e+00 -2.944378e+00 -5.007011e-01 4.331813e-01 1.154935e-01 3.060902e+00 3.055288e+00 2.312177e+00 -2.004636e-01 1.950196e-01 -1.789506e+00 4.911393e+01 2.017820e-02 -3.999720e-03 8.044153e-03 -8.468890e-03 1.761317e-03 1.058182e-02 4.866039e-03 6.577924e-03 7.373105e-04 4.770933e-03 2.687293e-03 3.495209e-04 -2.487604e-02 -1.575140e-03 -6.294429e-04 -8.525052e-04 -1.698114e-05 -1.226444e-03 -1.980919e-03 -2.724617e-03 -1.558976e-03 -1.076566e-03 -7.484747e-04 -4.347002e-04 4.562335e-05 2.526223e-03
<VARIANCE> 39
 1.130979e+01 9.417164e+00 1.221205e+01 1.280459e+01 1.700038e+01 1.705897e+01 1.983819e+01 1.772165e+01 1.763249e+01 1.739056e+01 1.491281e+01 1.306498e+01 1.374229e+01 7.329035e-01 4.970263e-01 6.926469e-01 8.682051e-01 1.123138e+00 1.293144e+00 1.439758e+00 1.500206e+00 1.534423e+00 1.519045e+00 1.390458e+00 1.242765e+00 7.705151e-01 1.405061e-01 9.565045e-02 1.371152e-01 1.742855e-01 2.236968e-01 2.581789e-01 2.910067e-01 3.032527e-01 3.131486e-01 3.094670e-01 2.827525e-01 2.532271e-01 1.411622e-01
<GCONST> 8.705444e+01
<TRANSP> 5
 0.000000e+00 1.000000e+00 0.000000e+00 0.000000e+00 0.000000e+00
 0.000000e+00 9.913440e-01 8.656024e-03 0.000000e+00 0.000000e+00
 0.000000e+00 0.000000e+00 9.862931e-01 1.370693e-02 0.000000e+00
 0.000000e+00 0.000000e+00 0.000000e+00 9.929256e-01 7.074400e-03
 0.000000e+00 0.000000e+00 0.000000e+00 0.000000e+00 0.000000e+00
<ENDHMM>
~h "pr"
<BEGINHMM>
<NUMSTATES> 5
<STATE> 2
<MEAN> 39
 -1.526161e+01 -8.216213e+00 -1.296130e+00 -7.940068e+00 2.512923e+00 6.328020e+00 4.660183e+00 5.719701e-01 -1.332317e+00 -2.044560e+00 5.272572e+00 2.441723e-01 5.901899e+01 -4.677749e-02 -1.842042e-02 1.441143e-02 -1.288768e-02 1.877462e-02 1.098055e-02 5.318911e-03 -2.189441e-02 9.752936e-04 -4.917784e-03 -1.044480e-02 4.558619e-02 4.304059e-02 1.336871e-02 3.627251e-03 6.047208e-04 4.245439e-03 -5.400002e-03 -1.381614e-03 -4.072473e-03 4.998802e-03 4.045246e-03 2.716211e-03 -4.899210e-03 -4.014141e-03 -1.201774e-02
<VARIANCE> 39
 3.147609e+01 4.173390e+01 4.949096e+01 3.092853e+01 5.044306e+01 6.620900e+01 5.510054e+01 6.321498e+01 6.082219e+01 3.448698e+01 5.629281e+01 5.283574e+01 2.179933e+01 8.075079e-01 7.903440e-01 1.022262e+00 1.278263e+00 1.515446e+00 1.887029e+00 2.032265e+00 2.275242e+00 2.201663e+00 1.996897e+00 2.160290e+00 1.956395e+00 6.330960e-01 1.134456e-01 1.264841e-01 1.683879e-01 2.213149e-01 2.692162e-01 3.335639e-01 3.738934e-01 4.002288e-01 4.123303e-01 3.692936e-01 3.913516e-01 3.493287e-01 8.574916e-02
<GCONST> 1.078824e+02
<STATE> 3
<MEAN> 39
 -2.014441e+01 3.106012e+00 1.702046e+01 -1.639164e+01 2.172611e+00 1.402458e+01 -5.401378e+00 -3.351880e+00 1.316505e+01 -4.856421e+00 -8.482948e+00 9.316699e+00 5.366194e+01 6.384996e-02 -3.999599e-02 6.856616e-04 -1.985295e-02 2.876102e-02 -2.694003e-02 -1.391639e-02 4.658481e-02 -1.943976e-02 4.720568e-02 -4.164698e-02 1.092594e-02 -5.541094e-02 3.449396e-03 1.337663e-03 -7.651008e-03 2.625205e-03 7.051979e-03 -8.842256e-03 3.280046e-03 1.279903e-02 -1.108287e-02 1.466882e-03 1.073430e-02 -6.687177e-03 -3.373568e-03
<VARIANCE> 39
 1.642970e+01 1.948269e+01 1.614370e+01 2.912896e+01 2.382723e+01 2.303388e+01 1.670449e+01 2.902098e+01 3.078853e+01 3.578783e+01 3.420452e+01 1.874224e+01 1.285487e+01 6.241245e-01 4.822932e-01 5.545619e-01 8.364028e-01 1.259541e+00 1.294604e+00 1.154347e+00 1.440073e+00 1.635681e+00 1.624225e+00 1.831251e+00 1.083564e+00 2.506090e-01 1.560437e-01 9.677754e-02 1.101721e-01 1.696777e-01 2.595913e-01 2.657200e-01 2.348378e-01 2.961543e-01 3.367820e-01 3.110000e-01 3.473064e-01 2.157345e-01 6.152361e-02
<GCONST> 9.027092e+01
<STATE> 4
<MEAN> 39
 -1.406792e+01 -5.530897e+00 3.962665e+00 -6.821992e+00 3.751885e+00 1.117659e-02 2.675320e+00 5.313537e+00 3.508023e+00 -1.604495e+00 -3.010682e+00 3.252469e+00 5.413128e+01 3.397600e-02 2.565019e-02 -2.263245e-02 2.219010e-02 -2.068231e-02 -7.234641e-03 1.329322e-02 2.708705e-03 9.505561e-05 -9.537073e-04 1.232097e-02 -2.032710e-02 -3.188378e-02 -7.692934e-04 5.009565e-04 4.784041e-04 -5.560771e-04 -5.668410e-04 1.670717e-03 -2.758731e-04 -1.401216e-03 3.030179e-05 -8.631263e-05 1.590609e-04 -3.391611e-04 3.627261e-04
<VARIANCE> 39
 3.826298e+01 5.764431e+01 5.863832e+01 5.748326e+01 7.788129e+01 1.001549e+02 7.115477e+01 5.941891e+01 5.390165e+01 4.647153e+01 5.764207e+01 6.467746e+01 4.680871e+01 3.235469e-01 3.973896e-01 6.440839e-01 9.340416e-01 1.139043e+00 1.417976e+00 1.468848e+00 1.617214e+00 1.710168e+00 1.689610e+00 1.549670e+00 1.324975e+00 1.640346e-01 5.864403e-02 7.035899e-02 1.167743e-01 1.698046e-01 2.191569e-01 2.697848e-01 2.888016e-01 3.062024e-01 3.269188e-01 3.280332e-01 3.004830e-01 2.546538e-01 2.663009e-02
<GCONST> 1.003707e+02
<TRANSP> 5
 0.000000e+00 1.000000e+00 0.000000e+00 0.000000e+00 0.000000e+00
 0.000000e+00 9.886413e-01 1.135868e-02 0.000000e+00 0.000000e+00
 0.000000e+00 0.000000e+00 9.833000e-01 1.669991e-02 0.000000e+00
 0.000000e+00 0.000000e+00 0.000000e+00 9.954974e-01 4.502601e-03
 0.000000e+00 0.000000e+00 0.000000e+00 0.000000e+00 0.000000e+00
<ENDHMM>
~h "pw"
<BEGINHMM>
<NUMSTATES> 5
<STATE> 2
<MEAN> 39
 -1.309764e+01 -2.907813e+00 -1.405287e+00 -1.471371e+00 1.373391e+00 -1.036608e+00 2.337303e+00 8.393535e-01 7.548047e-01 8.346283e-01 5.548176e-01 -5.733618e-01 5.415401e+01 -1.356145e-03 -3.894974e-03 1.548922e-03 -1.661632e-04 1.745667e-04 -3.723003e-03 2.988193e-04 -1.637331e-03 -1.807090e-03 1.128249e-03 -9.325791e-04 1.117717e-03 3.379838e-03 -1.297848e-04 -1.016138e-03 -5.410467e-04 -5.971335e-04 -1.130289e-03 -1.341890e-03 -1.449950e-03 -7.734862e-04 -7.949101e-04 -3.470253e-05 1.965502e-04 1.495942e-04 2.043058e-03
<VARIANCE> 39
 1.795568e+01 2.715907e+01 1.293417e+01 1.320108e+01 1.556362e+01 1.952376e+01 2.096386e+01 2.204174e+01 1.858157e+01 1.602343e+01 1.475640e+01 1.320704e+01 3.485355e+01 5.525496e-01 8.481581e-01 6.923200e-01 8.763241e-01 1.115714e+00 1.327293e+00 1.465127e+00 1.567476e+00 1.541145e+00 1.466124e+00 1.376806e+00 1.230371e+00 8.853434e-01 9.107962e-02 1.405663e-01 1.311358e-01 1.710761e-01 2.205956e-01 2.632692e-01 2.933678e-01 3.122196e-01 3.137205e-01 2.997323e-01 2.815814e-01 2.511962e-01 1.287460e-01
<GCONST> 9.011146e+01
<STATE> 3
<MEAN> 39
 -1.111641e+01 -7.388124e+00 -3.963092e+00 -3.261389e+00 -3.686426e-01 -5.507303e+00 -1.705063e+00 -4.223786e+00 -2.515616e+00 -1.252042e+00 -2.709988e-01 -4.484104e-01 6.236523e+01 -2.426989e-03 -7.166734e-02 -2.259753e-02 7.148468e-03 -9.033034e-03 -6.203551e-02 -6.473471e-02 -7.111885e-02 -3.668004e-02 -2.113368e-02 2.518608e-03 1.227782e-02 9.994252e-02 7.633904e-03 1.073402e-02 3.479449e-03 4.375979e-03 1.167823e-02 1.648411e-02 1.711566e-02 1.483453e-02 1.036612e-02 5.304537e-03 9.587841e-04 -1.274778e-03 -2.487692e-02
<VARIANCE> 39
 2.315838e+01 2.804641e+01 1.434816e+01 1.420991e+01 1.837514e+01 2.451923e+01 2.390242e+01 2.817899e+01 2.025880e+01 1.765735e+01 1.601773e+01 1.414480e+01 8.359294e+01 6.563330e-01 1.180704e+00 7.844024e-01 9.396912e-01 1.296593e+00 1.667048e+00 1.779416e+00 1.847156e+00 1.635709e+00 1.557330e+00 1.421176e+00 1.309954e+00 4.211532e+00 1.086276e-01 1.835808e-01 1.442330e-01 1.794671e-01 2.510232e-01 3.108749e-01 3.434208e-01 3.492551e-01 3.305327e-01 3.174326e-01 2.905314e-01 2.696566e-01 5.800011e-01
<GCONST> 9.863152e+01
<STATE> 4
<MEAN> 39
 -1.222759e+01 -3.531858e+00 -3.048461e+00 -2.813742e+00 5.541247e-01 -6.299261e-01 2.932353e+00 6.489568e-01 3.654458e-01 5.198498e-01 3.148346e-01 -9.527349e-01 5.504912e+01 1.133931e-02 1.423428e-02 5.859898e-03 -3.805568e-04 4.613925e-03 1.876889e-02 1.619946e-02 1.993013e-02 1.209480e-02 4.521222e-03 6.654495e-04 -3.511869e-03 -3.302100e-02 6.202151e-04 -1.061112e-03 -8.080056e-04 -6.938457e-04 -1.492637e-03 -1.966737e-03 -2.378281e-03 -2.215341e-03 -1.522689e-03 -1.123407e-03 -6.296951e-04 2.485176e-05 1.378210e-03
<VARIANCE> 39
 1.662294e+01 2.137618e+01 1.213200e+01 1.237071e+01 1.366738e+01 2.080546e+01 2.121343e+01 2.087070e+01 1.793730e+01 1.576591e+01 1.425660e+01 1.316467e+01 3.199179e+01 5.304262e-01 7.256874e-01 6.503155e-01 8.405147e-01 1.066786e+00 1.322574e+00 1.476741e+00 1.545028e+00 1.517608e+00 1.461665e+00 1.383018e+00 1.244460e+00 7.704501e-01 8.609138e-02 1.225948e-01 1.238358e-01 1.648457e-01 2.130363e-01 2.615111e-01 2.942590e-01 3.078278e-01 3.093511e-01 2.987578e-01 2.833104e-01 2.545803e-01 1.088207e-01
<GCONST> 8.837824e+01
<TRANSP> 5
 0.000000e+00 1.000000e+00 0.000000e+00 0.000000e+00 0.000000e+00
 0.000000e+00 9.962095e-01 3.790482e-03 0.000000e+00 0.000000e+00
 0.000000e+00 0.000000e+00 9.867666e-01 1.323338e-02 0.000000e+00
 0.000000e+00 0.000000e+00 0.000000e+00 9.962782e-01 3.721813e-03
 0.000000e+00 0.000000e+00 0.000000e+00 0.000000e+00 0.000000e+00
<ENDHMM>
~h "si"
<BEGINHMM>
<NUMSTATES> 5
<STATE> 2
<MEAN> 39
 -8.234146e+00 1.905528e+00 1.197697e+00 -1.926388e+00 2.211432e+00 1.770616e+00 2.164142e+00 3.546446e+00 1.120460e+00 2.061099e-01 1.793669e-01 -1.383346e+00 4.726661e+01 -1.610201e-03 -2.556894e-03 -1.060471e-02 -1.101616e-02 -9.236075e-03 2.011437e-03 8.116471e-03 1.460530e-02 4.782212e-03 9.045775e-03 4.003583e-03 -3.369894e-03 -2.407276e-02 1.033525e-03 -8.346192e-04 -2.434900e-03 -2.017279e-03 -1.832304e-03 5.124668e-04 1.004690e-03 8.882961e-04 6.570958e-04 1.131726e-03 2.999118e-04 -5.490473e-04 -3.281339e-04
<VARIANCE> 39
 2.088896e+01 1.219503e+01 1.420117e+01 1.452902e+01 1.878784e+01 1.900962e+01 2.382946e+01 2.258847e+01 1.891591e+01 1.703529e+01 1.597946e+01 1.424951e+01 2.305036e+01 2.481724e-01 3.888831e-01 5.145300e-01 7.249418e-01 9.467383e-01 1.146976e+00 1.288941e+00 1.386517e+00 1.394929e+00 1.388530e+00 1.300960e+00 1.132804e+00 1.921069e-01 4.060040e-02 6.975574e-02 9.799804e-02 1.415366e-01 1.852206e-01 2.260625e-01 2.565804e-01 2.761233e-01 2.810399e-01 2.806084e-01 2.624615e-01 2.291920e-01 2.779312e-02
<GCONST> 8.089337e+01
<STATE> 3
<MEAN> 39
 -4.745322e+00 -7.210116e-01 -2.314713e+00 -3.119353e+00 5.528267e-02 2.741797e+00 3.656325e+00 3.859230e+00 1.237861e+00 1.147161e+00 1.786518e-01 -2.042910e+00 4.630500e+01 -1.215049e-03 3.564934e-03 -7.428445e-03 -4.947474e-03 -4.040299e-03 4.953939e-03 2.452545e-03 6.655280e-03 1.331813e-03 2.604952e-03 1.573037e-03 -9.863775e-04 -1.059287e-02 -2.372021e-03 2.991481e-04 1.493527e-03 1.096474e-03 6.245481e-04 -2.209849e-03 -1.919057e-03 -2.471035e-03 -9.159542e-04 -1.273496e-03 -1.497438e-04 1.161067e-03 2.367780e-03
<VARIANCE> 39
 5.234344e+00 1.284789e+01 1.126718e+01 1.059165e+01 1.570942e+01 1.601760e+01 1.756794e+01 1.861693e+01 1.696754e+01 1.638198e+01 1.463082e+01 1.311898e+01 1.281552e+01 1.349689e-01 2.683190e-01 4.540892e-01 6.626997e-01 8.952824e-01 1.093876e+00 1.247678e+00 1.351870e+00 1.376930e+00 1.382226e+00 1.293213e+00 1.145693e+00 4.809607e-02 2.482607e-02 5.212811e-02 9.052721e-02 1.338781e-01 1.813859e-01 2.223495e-01 2.538510e-01 2.760043e-01 2.824675e-01 2.842920e-01 2.651117e-01 2.344500e-01 7.981755e-03
<GCONST> 7.234336e+01
<STATE> 4
<MEAN> 39
 -9.116169e+00 -1.167620e+00 -1.561957e+00 -2.757267e+00 -1.779169e-01 3.471356e-02 2.845633e+00 1.988573e+00 1.409059e+00 6.389688e-01 4.914822e-01 -1.106404e+00 5.080185e+01 -1.703893e-02 -4.284304e-03 1.396580e-03 -2.312453e-03 -2.873660e-03 -1.021060e-02 -6.026792e-03 -1.182428e-02 2.124739e-04 1.580998e-04 3.925331e-03 5.780341e-03 3.226637e-02 1.534428e-03 9.933611e-05 5.703396e-04 4.134458e-04 5.396941e-04 1.796135e-03 8.155382e-04 9.035220e-04 2.714343e-04 2.515292e-04 -1.207259e-04 -8.253239e-04 1.094643e-04
<VARIANCE> 39
 2.019916e+01 1.931255e+01 1.447334e+01 1.542439e+01 1.796260e+01 2.049044e+01 2.154123e+01 2.299734e+01 2.039789e+01 1.778980e+01 1.645818e+01 1.471223e+01 3.553034e+01 4.725272e-01 6.032925e-01 6.294929e-01 8.562683e-01 1.080458e+00 1.302181e+00 1.439020e+00 1.566390e+00 1.523455e+00 1.493030e+00 1.396226e+00 1.235336e+00 6.245736e-01 7.419831e-02 1.035737e-01 1.180267e-01 1.641601e-01 2.105411e-01 2.541817e-01 2.846549e-01 3.110771e-01 3.045765e-01 3.005253e-01 2.810580e-01 2.488872e-01 9.030535e-02
<GCONST> 8.867697e+01
<TRANSP> 5
 0.000000e+00 1.000000e+00 0.000000e+00 0.000000e+00 0.000000e+00
 0.000000e+00 9.876399e-01 1.236007e-02 0.000000e+00 0.000000e+00
 0.000000e+00 0.000000e+00 9.912927e-01 8.707225e-03 0.000000e+00
 0.000000e+00 0.000000e+00 0.000000e+00 9.876170e-01 1.238299e-02
 0.000000e+00 0.000000e+00 0.000000e+00 0.000000e+00 0.000000e+00
<ENDHMM>
~h "st"
<BEGINHMM>
<NUMSTATES> 5
<STATE> 2
<MEAN> 39
 -9.102988e+00 -3.781446e+00 -2.139265e+00 -7.274271e+00 -2.451136e+00 -3.262322e+00 1.290407e+00 1.150829e+00 1.191672e+00 1.624234e-01 8.547677e-01 -1.833440e+00 5.891736e+01 -2.850142e-01 -6.133873e-01 1.630774e-01 -6.377403e-01 -3.417547e-01 -7.614079e-01 -4.160612e-01 -1.377672e-01 2.575220e-02 -7.468017e-02 6.891033e-02 4.082222e-02 1.461757e+00 7.363655e-02 1.047072e-01 3.815025e-02 1.029899e-01 7.914030e-02 1.435789e-01 9.874849e-02 5.636989e-02 4.178689e-02 3.246395e-02 1.156131e-02 2.467622e-02 -2.462096e-01
<VARIANCE> 39
 2.411303e+01 3.199890e+01 1.873452e+01 3.303067e+01 2.666712e+01 3.888934e+01 2.854021e+01 2.398363e+01 2.237497e+01 1.993939e+01 1.792940e+01 1.499033e+01 9.123252e+01 1.283838e+00 1.761382e+00 1.302584e+00 2.211995e+00 2.223361e+00 3.031052e+00 2.350276e+00 2.328427e+00 2.186278e+00 2.018399e+00 1.852386e+00 1.590608e+00 4.869410e+00 1.871690e-01 2.908350e-01 2.160675e-01 3.961953e-01 3.744480e-01 5.357022e-01 4.119929e-01 3.955786e-01 3.696682e-01 3.490486e-01 3.135187e-01 2.789660e-01 8.659275e-01
<GCONST> 1.106465e+02
<STATE> 3
<MEAN> 39
 -8.402291e+00 -2.949274e+00 -1.795391e+00 -6.155322e+00 -1.622832e+00 -1.497587e+00 2.464794e+00 4.647047e-01 3.171315e-01 -3.360910e-01 6.259594e-01 -1.819380e+00 5.626033e+01 9.858226e-04 1.767210e-02 1.429215e-03 1.716102e-02 6.580688e-03 1.718159e-02 1.021134e-02 7.836454e-04 -2.850258e-03 3.490548e-04 -9.724511e-04 1.243462e-03 -4.040060e-02 1.528493e-04 1.637055e-03 -1.868599e-03 2.484009e-03 9.984800e-04 1.454084e-03 2.662275e-04 3.184472e-04 8.528494e-05 7.713077e-04 -1.165295e-04 -6.020106e-04 -1.767128e-03
<VARIANCE> 39
 1.674055e+01 2.113130e+01 1.653370e+01 2.401828e+01 2.035068e+01 2.609329e+01 2.057119e+01 1.979296e+01 1.993994e+01 1.862487e+01 1.607922e+01 1.452551e+01 4.504454e+01 5.630328e-01 7.060923e-01 6.888259e-01 1.226391e+00 1.317974e+00 1.583121e+00 1.534515e+00 1.560051e+00 1.589247e+00 1.552342e+00 1.450233e+00 1.305733e+00 1.602454e+00 8.922510e-02 1.191537e-01 1.307002e-01 2.240940e-01 2.544473e-01 3.049197e-01 3.084464e-01 3.173309e-01 3.240514e-01 3.179340e-01 2.972977e-01 2.684311e-01 2.239824e-01
<GCONST> 9.427070e+01
<STATE> 4
<MEAN> 39
 -9.995975e+00 -2.600613e-01 -1.069639e+00 -3.500210e+00 -2.591572e-01 -7.236836e-01 2.463788e+00 1.777680e+00 1.935952e+00 5.142799e-01 6.373952e-01 -1.514062e+00 5.184715e+01 6.374399e-03 1.505892e-02 -5.529142e-03 1.899032e-02 1.977186e-02 3.054084e-02 1.611526e-02 3.397120e-03 -8.330002e-04 1.042809e-03 -2.639691e-03 -7.062714e-04 -4.503057e-02 -1.776324e-04 -2.625688e-03 -7.984337e-04 -4.241724e-03 -3.600298e-03 -3.280329e-03 -2.367032e-03 -1.700367e-03 -1.701343e-03 -1.488950e-03 -8.582885e-04 -5.460767e-04 3.302082e-03
<VARIANCE> 39
 1.769510e+01 1.131852e+01 1.175562e+01 1.629756e+01 1.677200e+01 2.089975e+01 2.091821e+01 1.924709e+01 1.714478e+01 1.583582e+01 1.432540e+01 1.297025e+01 2.227215e+01 3.345104e-01 4.835618e-01 5.969709e-01 9.557294e-01 1.122332e+00 1.353691e+00 1.384578e+00 1.474304e+00 1.469372e+00 1.441304e+00 1.352515e+00 1.208917e+00 4.784152e-01 5.348288e-02 8.513968e-02 1.136804e-01 1.763551e-01 2.164025e-01 2.612121e-01 2.744079e-01 2.943928e-01 2.961832e-01 2.919071e-01 2.748462e-01 2.454537e-01 6.278537e-02
<GCONST> 8.467269e+01
<TRANSP> 5
 0.000000e+00 1.000000e+00 0.000000e+00 0.000000e+00 0.000000e+00
 0.000000e+00 8.307508e-01 1.692492e-01 0.000000e+00 0.000000e+00
 0.000000e+00 0.000000e+00 9.927626e-01 7.237402e-03 0.000000e+00
 0.000000e+00 0.000000e+00 0.000000e+00 9.895849e-01 1.041509e-02
 0.000000e+00 0.000000e+00 0.000000e+00 0.000000e+00 0.000000e+00
<ENDHMM>
~h "spe"
<BEGINHMM>
<NUMSTATES> 5
<STATE> 2
<MEAN> 39
 -1.957389e+00 -1.624557e+00 -1.653907e+00 -8.573542e+00 -2.060612e+00 -4.625022e-03 -1.991217e+00 -7.266749e-01 -3.182649e+00 1.051466e+00 5.980172e-01 -4.363723e+00 5.602039e+01 4.150182e-03 -1.688809e-01 1.684392e-01 -1.457922e-01 -1.931977e-01 -2.022998e-01 -2.308427e-01 -8.208689e-02 -1.115089e-02 8.440662e-02 1.717865e-02 -8.060174e-03 3.011234e-01 1.949567e-03 -2.078565e-02 9.861638e-03 1.782767e-02 -3.130928e-02 -2.066337e-02 3.005988e-03 1.075822e-02 2.080801e-02 -3.060706e-03 -1.211830e-02 9.613100e-03 2.106216e-03
<VARIANCE> 39
 3.217993e+01 4.202400e+01 3.425946e+01 5.019537e+01 3.700722e+01 4.126417e+01 3.645415e+01 4.041292e+01 3.279685e+01 3.054983e+01 3.478896e+01 2.914107e+01 1.378401e+01 9.370431e-01 1.246300e+00 1.365650e+00 1.717926e+00 2.179428e+00 2.028958e+00 2.050089e+00 2.286716e+00 2.185760e+00 2.213843e+00 2.006449e+00 1.852022e+00 5.655256e-01 1.120392e-01 1.519981e-01 1.817207e-01 2.367985e-01 3.170469e-01 3.358846e-01 3.416320e-01 3.909970e-01 3.857630e-01 3.910275e-01 3.430273e-01 3.226617e-01 5.151816e-02
<GCONST> 1.052467e+02
<STATE> 3
<MEAN> 39
 -2.526324e+00 -5.051545e+00 2.130919e+00 -1.233042e+01 -4.002605e+00 -4.873743e+00 -5.109154e+00 -1.822826e+00 -2.404368e+00 -2.636850e+00 -4.574605e+00 -3.316015e+00 6.148387e+01 5.309870e-03 1.985664e-02 -6.780683e-02 4.607576e-02 4.471131e-02 8.939562e-03 2.259961e-02 -2.550082e-04 9.579489e-03 -3.972057e-02 -5.293946e-02 -3.966518e-02 -2.068192e-02 -4.198147e-03 1.830966e-02 -1.114369e-02 1.366453e-02 1.745288e-02 1.422076e-02 1.574898e-02 -1.439410e-03 -3.076537e-03 4.558383e-03 6.270307e-03 1.789028e-03 -1.777430e-02
<VARIANCE> 39
 2.127726e+01 3.673243e+01 7.164872e+01 6.482838e+01 6.538532e+01 6.208533e+01 4.239752e+01 5.670215e+01 3.972348e+01 3.619630e+01 5.713768e+01 3.893547e+01 2.376645e+01 5.348989e-01 9.869526e-01 1.257335e+00 1.521398e+00 1.825956e+00 1.924083e+00 2.046194e+00 2.245106e+00 2.080781e+00 2.025289e+00 2.035228e+00 1.748838e+00 4.085740e-01 7.441018e-02 1.326689e-01 1.875507e-01 2.427282e-01 3.073742e-01 3.458692e-01 3.738875e-01 4.067313e-01 3.926804e-01 3.882855e-01 3.831997e-01 3.275647e-01 4.555734e-02
<GCONST> 1.067491e+02
<STATE> 4
<MEAN> 39
 -1.825249e+00 -3.461086e+00 -1.190287e+00 -5.757739e+00 -3.126647e+00 -5.866996e-01 -6.288764e-01 4.656734e-01 -1.457862e+00 -9.328891e-02 -8.401545e-01 -4.141726e+00 5.347145e+01 -2.117940e-03 6.520198e-03 -5.154030e-03 1.195100e-02 9.809301e-03 9.127583e-03 1.653211e-02 9.819131e-03 5.835886e-03 8.246215e-03 9.236380e-03 7.788962e-03 -2.352935e-02 4.884905e-05 -9.941293e-04 4.819759e-04 -1.407749e-03 -6.492946e-04 -7.640008e-04 -1.122403e-03 6.660503e-08 -3.737450e-04 -1.458325e-04 -2.882164e-04 -2.617840e-04 6.253720e-04
<VARIANCE> 39
 1.615336e+01 3.129073e+01 3.430080e+01 2.785173e+01 4.465922e+01 4.006541e+01 4.017651e+01 3.335063e+01 2.961337e+01 2.885259e+01 2.866899e+01 2.510216e+01 1.792620e+01 3.778477e-01 7.005140e-01 8.831565e-01 1.019290e+00 1.426464e+00 1.595967e+00 1.687075e+00 1.736504e+00 1.759271e+00 1.722349e+00 1.686161e+00 1.491003e+00 2.319100e-01 5.246669e-02 9.989484e-02 1.336378e-01 1.731246e-01 2.398491e-01 2.839076e-01 3.079577e-01 3.271028e-01 3.411984e-01 3.357213e-01 3.213635e-01 2.826416e-01 2.514355e-02
<GCONST> 9.445402e+01
<TRANSP> 5
 0.000000e+00 1.000000e+00 0.000000e+00 0.000000e+00 0.000000e+00
 0.000000e+00 9.545814e-01 4.541866e-02 0.000000e+00 0.000000e+00
 0.000000e+00 0.000000e+00 9.841172e-01 1.588284e-02 0.000000e+00
 0.000000e+00 0.000000e+00 0.000000e+00 9.966975e-01 3.302531e-03
 0.000000e+00 0.000000e+00 0.000000e+00 0.000000e+00 0.000000e+00
<ENDHMM>
