~o
<STREAMINFO> 1 39
<VECSIZE> 39<NULLD><MFCC_D_A_0><DIAGC>
~h "ap"
<BEGINHMM>
<NUMSTATES> 5
<STATE> 2
<MEAN> 39
 -1.426282e+01 -9.439882e+00 -5.054297e+00 -1.462172e+00 -8.726976e-01 -3.236991e+00 2.489985e+00 -1.129874e+00 -5.536319e-01 -1.744568e-03 4.490087e-01 -8.194602e-01 6.346194e+01 -1.682022e-01 -4.065821e-01 -2.128066e-01 -1.847480e-02 -1.481007e-01 -2.565552e-01 -5.683218e-02 -9.627582e-02 -6.166149e-02 -3.862350e-02 -9.455411e-03 -4.171071e-03 6.811054e-01 4.745658e-02 3.184883e-02 1.957164e-02 -9.950949e-04 3.103415e-02 4.311518e-02 3.421319e-02 2.037696e-02 1.625069e-02 7.437161e-03 9.243287e-03 4.486573e-03 -1.051958e-01
<VARIANCE> 39
 3.185109e+01 4.147439e+01 3.250344e+01 2.650181e+01 3.134315e+01 3.930399e+01 3.081899e+01 2.868335e+01 2.272264e+01 2.016649e+01 1.831026e+01 1.598635e+01 1.308593e+02 1.949299e+00 2.442556e+00 1.455771e+00 1.245868e+00 1.932699e+00 2.788330e+00 2.259719e+00 2.193917e+00 1.914385e+00 1.703119e+00 1.541581e+00 1.364838e+00 9.987494e+00 2.851257e-01 3.357154e-01 2.287281e-01 2.254751e-01 3.330688e-01 4.819388e-01 4.244073e-01 4.063802e-01 3.644803e-01 3.272455e-01 2.980266e-01 2.667234e-01 1.452691e+00
<GCONST> 1.126886e+02
<STATE> 3
<MEAN> 39
 -1.121781e+01 -1.699200e+01 -1.128743e+01 3.069278e-01 4.880970e-01 -9.325756e+00 2.720143e-01 -9.292231e-01 -3.815932e+00 -2.832885e+00 8.980205e-01 -5.759576e-01 6.899244e+01 9.212879e-02 4.847191e-02 6.907158e-02 6.497812e-02 8.585496e-02 4.039180e-02 4.124246e-02 1.771680e-02 -2.723848e-04 -1.259117e-03 1.855838e-02 1.527902e-02 -2.604234e-01 -9.821057e-04 1.276861e-02 7.640083e-03 3.928479e-03 4.591591e-03 5.709107e-03 -3.282608e-03 2.016889e-03 7.932385e-04 2.651324e-03 -1.069526e-03 -1.286316e-03 -8.175647e-03
<VARIANCE> 39
 1.496341e+01 2.357214e+01 2.161693e+01 2.445587e+01 3.328964e+01 2.573690e+01 3.097553e+01 2.367412e+01 2.353110e+01 2.131378e+01 1.705029e+01 1.487894e+01 8.413609e+01 6.097099e-01 7.600373e-01 8.470412e-01 1.088092e+00 1.403360e+00 1.478797e+00 1.636616e+00 1.486830e+00 1.519051e+00 1.459263e+00 1.332275e+00 1.223557e+00 4.367541e+00 1.012808e-01 1.383995e-01 1.512445e-01 2.054060e-01 2.622444e-01 2.900660e-01 3.318133e-01 3.056805e-01 3.125089e-01 3.012399e-01 2.727500e-01 2.524282e-01 6.749222e-01
<GCONST> 9.884212e+01
<STATE> 4
<MEAN> 39
 -1.095023e+01 -1.042531e+01 -5.132296e+00 -1.345271e-01 -1.807101e-02 -4.158031e+00 2.671871e+00 -1.259576e+00 -1.674996e+00 -3.247094e-02 6.068496e-01 -8.085616e-01 6.004750e+01 1.339981e-02 2.389271e-02 1.389623e-02 5.760432e-03 2.083802e-03 1.540305e-02 6.135026e-03 9.399081e-03 6.423716e-03 4.343596e-03 -9.950355e-04 -1.202975e-03 -4.200019e-02 -9.270165e-04 -9.021757e-04 -1.707438e-03 -1.556937e-03 -1.734729e-03 -1.905766e-03 -1.564146e-03 -5.645740e-04 -1.036515e-03 -1.497574e-03 -4.436939e-04 -3.648814e-04 2.180198e-03
<VARIANCE> 39
 2.640499e+01 5.710306e+01 2.686191e+01 2.489872e+01 3.393361e+01 3.577189e+01 2.790681e+01 3.161024e+01 2.444211e+01 1.997145e+01 1.694227e+01 1.502991e+01 1.248425e+02 9.227197e-01 1.307998e+00 9.102637e-01 9.626344e-01 1.398597e+00 1.680687e+00 1.590869e+00 1.747766e+00 1.603965e+00 1.458435e+00 1.365261e+00 1.224869e+00 5.143566e+00 1.441708e-01 1.996553e-01 1.556717e-01 1.807258e-01 2.582603e-01 3.165475e-01 3.142134e-01 3.379406e-01 3.254739e-01 2.980449e-01 2.765833e-01 2.494217e-01 7.606248e-01
<GCONST> 1.037318e+02
<TRANSP> 5
 0.000000e+00 1.000000e+00 0.000000e+00 0.000000e+00 0.000000e+00
 0.000000e+00 9.632863e-01 3.671369e-02 0.000000e+00 0.000000e+00
 0.000000e+00 0.000000e+00 9.871888e-01 1.281125e-02 0.000000e+00
 0.000000e+00 0.000000e+00 0.000000e+00 9.944698e-01 5.530242e-03
 0.000000e+00 0.000000e+00 0.000000e+00 0.000000e+00 0.000000e+00
<ENDHMM>
~h "cl"
<BEGINHMM>
<NUMSTATES> 5
<STATE> 2
<MEAN> 39
 -1.191999e+01 -1.762104e+00 -1.158929e+00 -4.039165e+00 -1.625077e+00 4.479200e+00 3.328638e+00 5.089282e-01 3.446771e+00 1.385752e-01 -2.549099e+00 8.307322e-01 5.380095e+01 -3.183264e-01 4.427415e-02 4.038037e-02 -2.751193e-02 -9.006921e-02 1.430889e-01 -7.542890e-02 -1.331465e-01 8.112856e-02 -3.453719e-02 -1.135284e-01 8.676506e-02 2.426813e-01 -3.348131e-02 -2.403434e-03 1.784319e-02 -1.011555e-02 -2.438678e-02 3.824341e-02 -1.114947e-02 -3.254595e-02 1.842488e-02 -4.777315e-03 -3.597822e-02 2.657792e-02 2.334682e-02
<VARIANCE> 39
 4.031028e+01 3.042242e+01 3.127992e+01 1.580013e+01 2.019060e+01 4.465308e+01 2.487997e+01 2.720980e+01 3.430658e+01 2.250060e+01 2.565028e+01 2.252934e+01 5.635381e+01 2.544850e+00 8.287533e-01 7.967104e-01 9.293120e-01 1.330639e+00 2.106848e+00 1.743358e+00 2.078721e+00 2.100195e+00 1.783459e+00 1.817665e+00 1.598000e+00 2.227842e+00 3.056425e-01 1.249868e-01 1.366190e-01 1.686526e-01 2.355792e-01 3.424479e-01 3.115344e-01 3.611447e-01 3.670306e-01 3.301654e-01 3.198779e-01 2.794750e-01 2.823077e-01
<GCONST> 1.037783e+02
<STATE> 3
<MEAN> 39
 -2.008497e+01 2.374557e+00 -8.005078e-01 -6.846205e+00 -4.589374e+00 1.210495e+01 6.176800e-01 -2.137720e+00 8.778547e+00 -3.759060e+00 -4.112979e+00 5.236867e+00 5.889153e+01 2.792442e-02 -5.974051e-03 -7.692670e-03 4.986872e-03 8.175023e-04 -4.003597e-03 5.201443e-03 -1.251295e-02 -8.184439e-03 -2.791218e-04 -4.126199e-03 1.349601e-03 -1.513528e-02 1.104616e-02 -2.022569e-03 -1.830187e-03 1.689045e-03 3.813828e-03 -7.206582e-03 2.484467e-03 4.378605e-03 -5.689485e-03 4.118287e-03 4.269216e-03 -5.333156e-03 -7.858138e-03
<VARIANCE> 39
 5.084708e+01 1.093363e+01 2.009416e+01 1.295102e+01 1.631097e+01 3.434000e+01 2.701811e+01 2.192211e+01 2.768280e+01 2.014023e+01 1.914223e+01 2.088989e+01 2.366095e+01 1.827030e+00 5.004023e-01 8.113971e-01 9.268961e-01 1.244794e+00 1.921635e+00 1.865863e+00 1.695846e+00 1.906814e+00 1.666460e+00 1.560998e+00 1.670289e+00 1.021481e+00 3.348840e-01 9.177079e-02 1.518931e-01 1.842884e-01 2.411335e-01 3.606756e-01 3.625789e-01 3.335483e-01 3.783483e-01 3.390332e-01 3.098787e-01 3.221534e-01 1.883432e-01
<GCONST> 9.789504e+01
<STATE> 4
<MEAN> 39
 -2.224356e+01 5.316026e-01 5.338977e+00 -4.118826e+00 -6.423583e+00 1.061666e+01 1.301218e+00 -5.953511e+00 3.631854e+00 4.350171e+00 -1.146797e+01 4.659697e+00 5.796599e+01 5.147592e-02 -5.085314e-03 4.088003e-03 -7.175865e-03 3.806555e-03 -1.395037e-02 -5.202063e-04 7.482871e-03 2.245503e-04 -4.347377e-03 8.171275e-03 -3.481886e-03 -4.078338e-02 1.861995e-03 7.038366e-04 -2.986974e-03 6.155759e-04 3.072502e-03 -3.349306e-03 3.811786e-04 4.815380e-03 -1.142688e-03 -1.400037e-03 4.788079e-03 -2.663137e-03 -1.596821e-03
<VARIANCE> 39
 3.945162e+01 1.025680e+01 1.676208e+01 1.608474e+01 2.943537e+01 2.984798e+01 2.936419e+01 4.869364e+01 3.876851e+01 3.199599e+01 3.081024e+01 3.180619e+01 3.660937e+01 1.324746e+00 4.734526e-01 9.960830e-01 9.292149e-01 1.384191e+00 1.833132e+00 1.732865e+00 2.462306e+00 2.484509e+00 2.000036e+00 1.855684e+00 1.733824e+00 1.341432e+00 2.464005e-01 8.836617e-02 1.917065e-01 1.824578e-01 2.682959e-01 3.534737e-01 3.412906e-01 4.600983e-01 4.835307e-01 3.865394e-01 3.709834e-01 3.440959e-01 2.536407e-01
<GCONST> 1.033412e+02
<TRANSP> 5
 0.000000e+00 1.000000e+00 0.000000e+00 0.000000e+00 0.000000e+00
 0.000000e+00 9.494641e-01 5.053581e-02 0.000000e+00 0.000000e+00
 0.000000e+00 0.000000e+00 9.921417e-01 7.858330e-03 0.000000e+00
 0.000000e+00 0.000000e+00 0.000000e+00 9.935564e-01 6.443534e-03
 0.000000e+00 0.000000e+00 0.000000e+00 0.000000e+00 0.000000e+00
<ENDHMM>
~h "cm"
<BEGINHMM>
<NUMSTATES> 5
<STATE> 2
<MEAN> 39
 -1.289165e+01 -6.425231e-01 -4.006855e+00 -6.071960e+00 -4.221408e-01 4.201309e-01 -1.186225e+00 9.238260e-01 -9.139891e-01 1.344684e+00 2.931073e+00 3.756806e-01 5.861268e+01 -1.207794e-02 -2.691977e-02 -2.395750e-02 -2.428225e-02 1.278815e-02 -4.254921e-03 -4.312402e-02 -2.259081e-02 -3.140758e-02 -1.278458e-02 2.984138e-04 7.012933e-03 1.381759e-01 1.256122e-02 -9.242329e-04 3.765514e-04 3.438594e-03 -5.302966e-03 -1.285635e-02 -8.364971e-03 -1.095374e-02 -9.789070e-03 -1.203458e-02 -1.364314e-02 -9.892881e-03 9.274137e-03
<VARIANCE> 39
 1.005720e+01 1.374399e+01 1.314814e+01 1.465830e+01 1.489812e+01 1.664958e+01 1.975425e+01 1.862979e+01 1.864793e+01 1.673869e+01 1.863340e+01 1.681113e+01 2.302418e+01 2.336942e-01 3.610924e-01 5.301856e-01 7.926818e-01 9.955840e-01 1.199387e+00 1.354828e+00 1.438110e+00 1.440763e+00 1.371742e+00 1.375935e+00 1.256350e+00 2.553209e-01 3.426740e-02 5.966846e-02 9.485762e-02 1.445127e-01 1.899462e-01 2.328572e-01 2.639330e-01 2.828830e-01 2.836494e-01 2.717057e-01 2.698191e-01 2.491850e-01 2.504800e-02
<GCONST> 8.013968e+01
<STATE> 3
<MEAN> 39
 -8.206514e+00 -2.390269e+00 -5.006183e+00 -6.152776e+00 -2.048448e+00 -2.392458e+00 -2.674540e+00 -1.453145e+00 -2.620501e+00 -1.226912e+00 -8.007334e-01 -1.873392e+00 6.641052e+01 1.532173e-01 -1.781453e-02 -2.077436e-02 -3.033359e-02 -7.961436e-02 -1.045568e-01 -6.965256e-02 -7.224724e-02 -4.734648e-02 -6.885740e-02 -9.863849e-02 -5.206960e-02 3.555796e-01 -1.574441e-03 9.977678e-03 6.411737e-03 1.139509e-02 1.805463e-02 2.648723e-02 2.234892e-02 1.943440e-02 1.500593e-02 1.429504e-02 1.609680e-02 8.348881e-03 -3.304715e-02
<VARIANCE> 39
 1.484922e+01 1.622247e+01 1.467581e+01 1.743481e+01 1.777749e+01 1.735372e+01 2.147682e+01 1.969684e+01 2.080624e+01 1.843536e+01 1.762992e+01 1.555079e+01 7.025340e+01 5.478069e-01 6.922725e-01 7.441379e-01 1.044888e+00 1.233756e+00 1.417052e+00 1.494506e+00 1.586709e+00 1.592941e+00 1.532118e+00 1.494079e+00 1.343289e+00 1.132371e+00 7.745519e-02 1.160870e-01 1.381614e-01 1.963442e-01 2.359042e-01 2.723158e-01 2.940464e-01 3.108791e-01 3.181238e-01 3.059466e-01 2.963632e-01 2.684060e-01 1.380099e-01
<GCONST> 9.191709e+01
<STATE> 4
<MEAN> 39
 -5.510143e+00 -6.831519e-02 -3.790025e+00 -5.043227e+00 -1.423631e+00 -1.974302e+00 -2.757973e+00 -1.625478e+00 -2.517340e+00 -1.867840e+00 -1.159340e+00 -2.282943e+00 6.749780e+01 3.831128e-02 4.217397e-02 5.785838e-02 7.157703e-02 5.628410e-02 3.813401e-02 3.725417e-02 2.127259e-03 5.181943e-03 -1.217480e-03 6.837722e-03 6.151850e-03 -2.261512e-01 -4.333278e-03 -1.297128e-03 -5.806892e-04 -1.843174e-03 -1.083965e-03 -4.633107e-04 -7.213331e-05 3.958248e-04 -1.904668e-04 1.352302e-03 1.583907e-03 2.283527e-04 -5.919261e-03
<VARIANCE> 39
 1.012401e+01 1.120397e+01 1.217952e+01 1.465847e+01 1.493722e+01 1.454180e+01 1.634911e+01 1.731489e+01 1.807168e+01 1.600994e+01 1.485642e+01 1.285730e+01 6.946954e+01 1.823307e-01 2.876351e-01 4.559205e-01 6.869053e-01 8.729779e-01 1.021023e+00 1.172202e+00 1.260923e+00 1.318415e+00 1.289824e+00 1.243350e+00 1.143534e+00 2.671289e-01 2.799661e-02 5.140624e-02 8.621698e-02 1.317028e-01 1.698814e-01 2.015640e-01 2.342118e-01 2.518593e-01 2.644183e-01 2.602084e-01 2.504371e-01 2.307772e-01 2.122962e-02
<GCONST> 7.690395e+01
<TRANSP> 5
 0.000000e+00 1.000000e+00 0.000000e+00 0.000000e+00 0.000000e+00
 0.000000e+00 9.669856e-01 3.301439e-02 0.000000e+00 0.000000e+00
 0.000000e+00 0.000000e+00 9.585152e-01 4.148481e-02 0.000000e+00
 0.000000e+00 0.000000e+00 0.000000e+00 9.846643e-01 1.533574e-02
 0.000000e+00 0.000000e+00 0.000000e+00 0.000000e+00 0.000000e+00
<ENDHMM>
~h "co"
<BEGINHMM>
<NUMSTATES> 5
<STATE> 2
<MEAN> 39
 -6.895006e+00 -7.960509e+00 -1.185522e+00 -3.249515e+00 -9.201548e+00 -4.187181e+00 -5.297334e+00 5.707969e-01 -1.687429e+00 -4.620782e+00 -4.050790e+00 -5.769095e+00 6.396299e+01 -5.295621e-01 -5.686547e-02 2.825361e-01 -4.164370e-01 -5.353457e-01 -7.709840e-01 -2.196665e-01 -6.070218e-01 -6.942745e-01 -6.355774e-01 -2.810865e-01 -2.118837e-01 2.219773e+00 -3.945190e-02 1.002976e-01 -1.726409e-02 5.435903e-02 2.280786e-01 1.028218e-01 1.336478e-01 4.439698e-02 1.207031e-02 6.609071e-02 1.076898e-01 7.780167e-02 -1.350757e-01
<VARIANCE> 39
 2.168026e+01 4.283322e+01 2.530433e+01 3.616097e+01 7.194381e+01 5.530364e+01 1.023072e+02 6.189112e+01 5.807523e+01 5.677229e+01 4.213049e+01 3.980774e+01 1.080478e+02 1.184658e+00 3.109689e+00 1.900266e+00 2.567345e+00 4.744839e+00 3.355149e+00 4.365520e+00 3.322412e+00 3.525142e+00 2.927346e+00 2.532133e+00 2.430238e+00 4.618088e+00 1.518134e-01 4.876973e-01 3.011010e-01 3.858676e-01 6.236603e-01 5.320822e-01 6.672306e-01 4.972251e-01 5.889990e-01 4.932892e-01 4.442506e-01 3.981759e-01 5.543761e-01
<GCONST> 1.260717e+02
<STATE> 3
<MEAN> 39
 -7.061777e+00 -7.681593e+00 -1.991277e+00 -3.539209e+00 -7.281246e+00 -8.364059e+00 -6.916038e+00 -6.598921e+00 -4.006908e+00 -3.910786e+00 -3.631907e+00 -7.919550e+00 6.802773e+01 7.024097e-02 -1.474178e-02 1.050091e-02 4.941964e-02 8.563457e-02 1.861555e-02 -6.256488e-02 -4.726769e-02 1.546300e-02 3.055823e-02 2.382438e-03 -3.483391e-02 -1.024234e-01 1.492598e-02 -1.029877e-03 3.788979e-03 6.846556e-03 -4.260078e-04 7.729360e-03 -1.881064e-03 6.839869e-03 5.437691e-03 2.860997e-03 -5.314333e-03 -1.744218e-03 -2.845065e-02
<VARIANCE> 39
 1.930582e+01 1.615262e+01 2.747120e+01 2.426521e+01 2.776225e+01 3.068274e+01 5.002961e+01 6.318127e+01 4.236022e+01 4.085501e+01 3.713911e+01 3.627433e+01 5.146352e+01 4.994011e-01 8.338292e-01 9.369638e-01 1.165733e+00 1.836868e+00 1.603760e+00 2.241297e+00 2.385023e+00 2.658029e+00 2.264799e+00 2.011855e+00 1.764945e+00 1.352833e+00 6.957407e-02 1.638112e-01 1.657410e-01 2.194432e-01 3.331367e-01 3.048588e-01 3.991642e-01 4.427541e-01 5.382022e-01 4.465308e-01 3.938279e-01 3.346817e-01 1.613280e-01
<GCONST> 1.055789e+02
<STATE> 4
<MEAN> 39
 -4.308636e+00 -4.111724e+00 2.370358e+00 5.168420e-01 -1.273569e+00 -3.013901e+00 -5.679099e+00 -3.567824e+00 -2.499141e+00 -4.203153e+00 -3.451502e+00 -7.095937e+00 5.789833e+01 6.505814e-02 1.388583e-01 3.544623e-02 4.848011e-02 1.337044e-01 1.033695e-01 8.838604e-02 8.422653e-02 2.538475e-04 7.509684e-03 5.616476e-03 4.187127e-02 -3.084722e-01 -4.853144e-03 -1.031288e-03 -7.412244e-03 -7.054297e-03 -1.136748e-02 -3.619089e-03 8.316420e-06 2.883039e-03 2.740733e-04 -8.986382e-04 -2.377062e-03 -2.395863e-03 5.980765e-03
<VARIANCE> 39
 1.521376e+01 2.761938e+01 2.044548e+01 2.349365e+01 3.076242e+01 3.300450e+01 5.728287e+01 4.356184e+01 3.219925e+01 3.601223e+01 3.069181e+01 2.883424e+01 6.658190e+01 2.800969e-01 5.926986e-01 6.635197e-01 8.328041e-01 1.295593e+00 1.268948e+00 1.740256e+00 1.610302e+00 1.627906e+00 1.703376e+00 1.578823e+00 1.506050e+00 7.277699e-01 4.006724e-02 9.784129e-02 1.194274e-01 1.576208e-01 2.413968e-01 2.404099e-01 3.195973e-01 2.978320e-01 3.210122e-01 3.367491e-01 3.136957e-01 2.991463e-01 6.229382e-02
<GCONST> 9.530482e+01
<TRANSP> 5
 0.000000e+00 1.000000e+00 0.000000e+00 0.000000e+00 0.000000e+00
 0.000000e+00 8.668658e-01 1.331342e-01 0.000000e+00 0.000000e+00
 0.000000e+00 0.000000e+00 9.844210e-01 1.557905e-02 0.000000e+00
 0.000000e+00 0.000000e+00 0.000000e+00 9.807525e-01 1.924744e-02
 0.000000e+00 0.000000e+00 0.000000e+00 0.000000e+00 0.000000e+00
<ENDHMM>
~h "ds"
<BEGINHMM>
<NUMSTATES> 5
<STATE> 2
<MEAN> 39
 -1.405524e+01 -7.685435e-01 6.646950e-02 -7.005275e-01 -1.026493e-01 -1.198879e+00 4.070220e+00 1.487020e-01 2.622299e+00 1.581648e+00 2.514224e+00 8.628342e-01 6.564181e+01 -1.817562e-01 7.850637e-02 -2.966358e-02 -3.040104e-02 -1.639337e-01 -9.929181e-02 -7.818778e-02 -1.291855e-02 2.055173e-02 1.423963e-01 1.365620e-01 1.077046e-01 8.566478e-01 6.674533e-02 1.520997e-02 1.775421e-02 4.116504e-02 4.498460e-02 1.739764e-02 1.025454e-02 7.376573e-03 6.962568e-03 -1.347765e-02 1.103857e-03 -5.677985e-03 -1.479936e-01
<VARIANCE> 39
 2.425438e+01 1.691702e+01 1.642392e+01 2.006250e+01 2.618059e+01 2.177744e+01 2.892941e+01 3.170381e+01 2.465546e+01 2.214148e+01 1.942817e+01 1.608187e+01 1.156516e+02 1.879172e+00 1.063440e+00 1.333421e+00 1.678762e+00 2.144614e+00 2.142566e+00 2.365974e+00 2.228787e+00 2.027301e+00 1.931524e+00 1.908332e+00 1.541406e+00 6.374073e+00 3.071608e-01 1.799034e-01 2.163544e-01 3.089663e-01 3.798796e-01 3.893918e-01 4.236077e-01 4.215313e-01 3.844332e-01 3.664544e-01 3.622997e-01 2.911661e-01 1.014125e+00
<GCONST> 1.090084e+02
<STATE> 3
<MEAN> 39
 -1.299342e+01 7.940362e-01 -2.282305e-02 1.280931e+00 1.270952e+00 -1.127394e+00 2.358291e+00 -1.759596e+00 2.374960e+00 2.482942e+00 3.540345e+00 5.307907e-01 6.800580e+01 2.921496e-01 1.036116e-02 1.074934e-01 1.009047e-01 3.415918e-01 1.353324e-01 7.768564e-02 -6.274846e-02 -7.195262e-02 -7.053134e-02 -3.514791e-02 -1.629806e-01 -7.139349e-01 1.303778e-03 -4.648514e-03 -1.275644e-02 -2.834492e-02 -1.781481e-02 9.272101e-03 1.268709e-02 8.783106e-03 -3.469251e-03 -9.572793e-03 -2.199849e-02 -9.742390e-03 -1.090509e-03
<VARIANCE> 39
 1.081796e+01 1.004462e+01 1.409212e+01 1.689513e+01 2.666704e+01 1.877380e+01 2.092516e+01 1.711173e+01 1.629588e+01 1.471346e+01 1.408873e+01 1.545829e+01 3.465906e+01 1.338945e-01 2.628747e-01 4.350830e-01 6.774542e-01 9.688124e-01 1.092269e+00 1.230639e+00 1.328133e+00 1.373095e+00 1.420903e+00 1.371411e+00 1.232165e+00 6.707893e-02 2.747540e-02 5.322314e-02 9.068028e-02 1.376797e-01 1.971101e-01 2.284220e-01 2.528715e-01 2.704782e-01 2.816873e-01 2.907731e-01 2.822918e-01 2.532988e-01 1.243461e-02
<GCONST> 7.659264e+01
<STATE> 4
<MEAN> 39
 -9.678576e+00 6.323627e-01 1.244110e+00 -5.210576e-01 2.585155e+00 5.981811e-01 3.040304e+00 8.340660e-01 2.254327e+00 -2.688729e-01 1.581136e+00 -7.776717e-01 5.456034e+01 1.749217e-02 9.509242e-03 1.771123e-02 9.533492e-03 3.171718e-03 1.512065e-02 2.051009e-02 2.470333e-02 1.345208e-02 -5.141038e-03 -8.341090e-03 9.152042e-03 -3.274582e-02 -1.502956e-03 1.186572e-04 3.497622e-04 1.569212e-03 7.892384e-05 -6.069150e-04 -1.637593e-03 -1.422336e-03 6.956779e-05 1.848777e-03 1.975269e-03 1.104804e-03 1.673429e-03
<VARIANCE> 39
 1.725967e+01 1.350849e+01 1.850505e+01 1.927911e+01 1.999807e+01 2.381636e+01 2.618056e+01 2.155032e+01 2.553370e+01 2.324129e+01 1.791091e+01 1.639855e+01 5.082986e+01 5.842150e-01 5.337515e-01 7.059125e-01 9.482812e-01 1.179370e+00 1.440402e+00 1.581902e+00 1.593674e+00 1.675567e+00 1.636307e+00 1.475063e+00 1.300311e+00 8.551787e-01 9.671780e-02 9.732514e-02 1.302783e-01 1.829990e-01 2.297490e-01 2.798866e-01 3.098134e-01 3.161754e-01 3.295923e-01 3.253544e-01 2.952968e-01 2.620981e-01 1.124225e-01
<GCONST> 9.244930e+01
<TRANSP> 5
 0.000000e+00 1.000000e+00 0.000000e+00 0.000000e+00 0.000000e+00
 0.000000e+00 9.405529e-01 5.944703e-02 0.000000e+00 0.000000e+00
 0.000000e+00 0.000000e+00 9.551917e-01 4.480828e-02 0.000000e+00
 0.000000e+00 0.000000e+00 0.000000e+00 9.929110e-01 7.088935e-03
 0.000000e+00 0.000000e+00 0.000000e+00 0.000000e+00 0.000000e+00
<ENDHMM>
~h "kj"
<BEGINHMM>
<NUMSTATES> 5
<STATE> 2
<MEAN> 39
 -2.003173e+01 2.759828e+00 -6.847603e-01 -2.726765e+00 -1.436828e+00 3.046276e+00 2.178704e+00 3.527846e+00 1.224027e+00 2.806656e-03 1.263708e+00 -1.031071e+00 5.627542e+01 -2.484309e-02 1.710128e-02 6.046542e-03 -3.155559e-03 -1.663300e-03 6.279907e-03 6.477922e-03 5.655946e-04 2.302844e-03 -1.208050e-03 1.304328e-03 3.124747e-04 6.405487e-03 1.709237e-03 -1.553431e-03 -5.027322e-04 5.399183e-04 -4.828915e-04 -8.570661e-04 -8.407930e-04 -2.157785e-04 -8.598316e-04 8.957434e-04 -2.640290e-04 3.003685e-05 -1.862565e-04
<VARIANCE> 39
 3.360397e+01 2.606761e+01 1.900481e+01 2.657116e+01 1.725902e+01 3.405024e+01 2.986461e+01 2.272376e+01 2.105228e+01 2.115929e+01 1.691036e+01 1.657591e+01 2.459826e+01 6.626942e-01 5.824661e-01 7.666793e-01 9.320031e-01 1.158435e+00 1.426484e+00 1.577386e+00 1.615528e+00 1.597731e+00 1.600879e+00 1.471759e+00 1.322281e+00 4.088420e-01 1.084315e-01 1.064113e-01 1.432095e-01 1.823198e-01 2.255889e-01 2.802943e-01 3.104026e-01 3.213172e-01 3.212171e-01 3.236371e-01 2.975785e-01 2.662813e-01 6.332958e-02
<GCONST> 9.263905e+01
<STATE> 3
<MEAN> 39
 -1.509694e+01 -9.014769e+00 -5.455851e+00 -2.401000e+00 -2.424087e+00 -4.511318e+00 -2.629269e+00 -2.559680e+00 -1.203930e+00 -1.478484e-02 6.205654e-01 -9.342670e-02 6.508872e+01 8.470640e-02 -1.645582e-01 -5.126113e-02 3.647206e-02 1.581828e-02 -9.470793e-02 -5.605533e-02 -7.526591e-02 -3.193650e-02 8.767654e-03 -7.871970e-03 2.074640e-02 5.832103e-02 4.784140e-04 2.071154e-02 1.784444e-02 3.300293e-03 7.079734e-03 1.940084e-02 2.840691e-02 1.566810e-02 7.220929e-03 5.811975e-03 -9.558160e-04 -7.835566e-03 -2.405942e-02
<VARIANCE> 39
 2.060619e+01 3.684762e+01 1.556167e+01 1.708655e+01 1.833990e+01 2.097394e+01 2.296315e+01 2.215491e+01 1.939518e+01 1.747476e+01 1.624212e+01 1.431284e+01 7.120910e+01 6.791772e-01 2.235559e+00 1.123228e+00 1.062883e+00 1.274402e+00 1.753816e+00 1.896960e+00 1.803471e+00 1.655219e+00 1.577423e+00 1.436656e+00 1.332523e+00 2.444999e+00 1.057547e-01 3.548914e-01 2.062977e-01 2.013004e-01 2.442235e-01 3.235618e-01 3.538132e-01 3.453053e-01 3.349933e-01 3.192347e-01 2.920691e-01 2.696089e-01 3.218911e-01
<GCONST> 9.973448e+01
<STATE> 4
<MEAN> 39
 -2.121662e+01 5.771855e-01 1.675416e+00 8.964660e-01 -2.627701e+00 -2.308009e-01 6.643196e+00 1.156984e-01 -2.181401e+00 4.647166e+00 4.454581e-01 -3.343915e+00 5.632834e+01 3.343642e-02 9.693019e-03 1.038857e-02 -5.713372e-03 9.616764e-03 7.656699e-03 7.704876e-03 1.629346e-02 1.096583e-02 -6.395307e-03 -2.165044e-03 -2.764145e-03 -3.810784e-02 2.353390e-03 -1.404333e-03 -2.571913e-03 -2.309519e-03 4.970990e-04 -1.269292e-03 -5.252572e-03 -1.304886e-03 -1.261962e-04 -3.369390e-03 8.279662e-04 1.879189e-03 3.943597e-05
<VARIANCE> 39
 3.827776e+01 2.804598e+01 1.843715e+01 1.877958e+01 1.734430e+01 2.156752e+01 3.401345e+01 2.081535e+01 2.116565e+01 2.355104e+01 1.734742e+01 1.639263e+01 3.087303e+01 4.715540e-01 7.541386e-01 6.896333e-01 9.154163e-01 1.138626e+00 1.325123e+00 1.662578e+00 1.551680e+00 1.580891e+00 1.702197e+00 1.447423e+00 1.300810e+00 5.133728e-01 7.692251e-02 1.306497e-01 1.291487e-01 1.767440e-01 2.234114e-01 2.601691e-01 3.220350e-01 3.112158e-01 3.187352e-01 3.409925e-01 2.905902e-01 2.614711e-01 7.368410e-02
<GCONST> 9.217265e+01
<TRANSP> 5
 0.000000e+00 1.000000e+00 0.000000e+00 0.000000e+00 0.000000e+00
 0.000000e+00 9.941645e-01 5.835558e-03 0.000000e+00 0.000000e+00
 0.000000e+00 0.000000e+00 9.727819e-01 2.721808e-02 0.000000e+00
 0.000000e+00 0.000000e+00 0.000000e+00 9.906384e-01 9.361594e-03
 0.000000e+00 0.000000e+00 0.000000e+00 0.000000e+00 0.000000e+00
<ENDHMM>
~h "kn"
<BEGINHMM>
<NUMSTATES> 5
<STATE> 2
<MEAN> 39
 -5.094880e-02 1.675719e+00 -2.794690e+00 -3.225291e+00 1.252560e+00 -2.825950e-01 6.528928e-01 -1.012025e+00 6.107444e-01 2.532194e-01 1.450564e-02 -1.150932e+00 5.660391e+01 1.410358e-01 7.361312e-03 -1.240242e-01 1.330252e-01 1.437908e-01 -1.405739e-01 2.059462e-01 -2.344379e-01 3.775778e-01 1.691320e-01 2.228775e-01 1.482444e-01 1.237936e+00 -3.378647e-02 7.732026e-02 5.423626e-02 3.180736e-02 3.165024e-02 9.552838e-02 2.564128e-02 6.078444e-02 -3.749959e-02 -2.385069e-03 5.493102e-03 1.221180e-02 -2.411492e-01
<VARIANCE> 39
 3.060174e+01 3.740165e+01 3.162048e+01 1.331644e+01 2.475517e+01 2.867164e+01 3.195824e+01 3.924643e+01 2.503426e+01 2.309393e+01 2.320123e+01 1.669293e+01 1.018004e+02 2.278713e+00 1.542296e+00 1.848797e+00 1.169783e+00 1.472785e+00 2.402035e+00 2.629417e+00 3.054566e+00 2.250684e+00 2.144827e+00 2.052143e+00 1.689368e+00 5.593893e+00 3.530014e-01 2.381159e-01 2.980485e-01 1.956714e-01 2.479471e-01 4.083712e-01 4.384473e-01 5.203820e-01 3.981420e-01 3.796045e-01 3.469516e-01 2.912287e-01 7.701445e-01
<GCONST> 1.117895e+02
<STATE> 3
<MEAN> 39
 5.391576e+00 -1.166393e+00 -4.112016e+00 -8.583809e-02 3.570531e+00 -7.145495e-01 1.364661e+00 -1.636747e+00 1.401284e+00 3.742439e-01 1.222623e+00 1.526308e-02 6.004320e+01 4.238677e-02 -1.106626e-02 2.148090e-02 3.899448e-02 2.465512e-02 1.334081e-02 1.305480e-02 1.527749e-02 -2.238365e-02 1.843540e-03 -9.990976e-04 6.317621e-03 -5.712862e-02 1.572411e-03 -3.552882e-03 -3.523690e-04 -1.510414e-03 -1.086676e-03 -1.022485e-03 -5.052067e-03 3.882439e-04 -8.015150e-03 -4.770723e-03 -5.508006e-03 -4.714966e-03 -1.253687e-02
<VARIANCE> 39
 1.236306e+01 2.584573e+01 1.619182e+01 1.559655e+01 2.060808e+01 2.535835e+01 2.256210e+01 2.193448e+01 2.135864e+01 2.002807e+01 1.717911e+01 1.638471e+01 3.495203e+01 4.354766e-01 9.316913e-01 8.511617e-01 1.029694e+00 1.295088e+00 1.677064e+00 1.629447e+00 1.816551e+00 1.701901e+00 1.666813e+00 1.544289e+00 1.381466e+00 1.886616e+00 7.764766e-02 1.768348e-01 1.607970e-01 2.043341e-01 2.533745e-01 3.341567e-01 3.377667e-01 3.727002e-01 3.516139e-01 3.463123e-01 3.195903e-01 2.850406e-01 3.290813e-01
<GCONST> 9.609527e+01
<STATE> 4
<MEAN> 39
 3.728589e+00 1.423948e+00 -1.053610e+00 8.489681e-01 4.754449e+00 2.115404e+00 2.168261e+00 5.048176e-01 -1.472451e-02 2.063676e-01 6.464353e-01 -7.229204e-01 5.348407e+01 -1.482548e-01 1.519886e-01 1.969479e-01 2.530545e-02 2.401445e-02 1.973469e-01 -1.276551e-02 1.464582e-01 -7.905928e-02 -1.113354e-02 -2.899426e-02 -5.481830e-02 -4.940696e-01 -9.944085e-03 -1.149688e-02 -8.362227e-03 -1.586366e-02 -1.831347e-02 -1.411097e-02 -6.607274e-03 -9.096215e-03 3.502393e-03 -2.523077e-03 4.514472e-04 -3.867531e-03 2.277592e-02
<VARIANCE> 39
 1.744695e+01 1.899889e+01 1.716915e+01 1.404394e+01 2.215359e+01 2.272584e+01 2.412285e+01 2.133381e+01 2.260443e+01 2.085143e+01 1.779719e+01 1.685582e+01 3.788467e+01 1.746720e-01 2.932882e-01 4.537082e-01 6.551974e-01 8.869460e-01 1.058694e+00 1.240710e+00 1.322998e+00 1.377231e+00 1.440799e+00 1.349241e+00 1.217692e+00 1.150718e-01 2.297513e-02 4.750517e-02 8.519788e-02 1.293504e-01 1.742493e-01 2.092501e-01 2.497238e-01 2.637659e-01 2.779334e-01 2.892179e-01 2.685946e-01 2.443682e-01 7.773263e-03
<GCONST> 7.873104e+01
<TRANSP> 5
 0.000000e+00 1.000000e+00 0.000000e+00 0.000000e+00 0.000000e+00
 0.000000e+00 8.853940e-01 1.146060e-01 0.000000e+00 0.000000e+00
 0.000000e+00 0.000000e+00 9.843273e-01 1.567270e-02 0.000000e+00
 0.000000e+00 0.000000e+00 0.000000e+00 9.600003e-01 3.999962e-02
 0.000000e+00 0.000000e+00 0.000000e+00 0.000000e+00 0.000000e+00
<ENDHMM>
~h "kt"
<BEGINHMM>
<NUMSTATES> 5
<STATE> 2
<MEAN> 39
 -1.191901e+01 -8.056989e-02 -7.237738e+00 -2.461525e+00 1.774220e-01 6.301045e-01 5.402153e+00 2.272468e+00 2.134316e+00 5.075731e-01 9.124003e-01 -1.237203e+00 5.599619e+01 -6.672581e-03 3.760074e-03 -4.020629e-03 4.822981e-03 8.320757e-04 -6.376110e-03 -1.429438e-03 -3.218285e-03 -3.188802e-03 -4.603451e-03 -1.492564e-03 -1.956301e-03 1.191544e-02 2.171197e-03 -8.522226e-05 2.190445e-03 6.457139e-04 8.293020e-04 -2.830190e-04 -7.444387e-04 -8.833946e-04 -8.908757e-04 -3.843976e-04 -5.407903e-04 1.151526e-05 -2.790207e-03
<VARIANCE> 39
 1.744894e+01 7.734785e+00 8.359752e+00 1.182396e+01 1.353102e+01 1.895605e+01 1.794026e+01 1.648213e+01 1.763391e+01 1.547789e+01 1.523896e+01 1.385108e+01 2.311525e+01 1.163211e+00 4.904019e-01 6.732929e-01 9.404338e-01 1.223964e+00 1.546920e+00 1.644884e+00 1.576219e+00 1.673589e+00 1.593255e+00 1.501694e+00 1.310820e+00 1.351852e+00 2.225079e-01 9.536947e-02 1.340642e-01 1.868530e-01 2.483165e-01 3.140308e-01 3.355000e-01 3.209646e-01 3.389542e-01 3.283950e-01 3.057583e-01 2.658274e-01 2.452366e-01
<GCONST> 9.061600e+01
<STATE> 3
<MEAN> 39
 -1.266070e+01 1.867518e+00 -3.839101e+00 -6.968969e-02 4.434696e-01 -2.039817e+00 2.294276e+00 1.660103e+00 1.475552e+00 -1.101340e+00 -1.793083e-01 -1.518358e+00 5.353611e+01 5.108831e-03 4.803967e-03 -2.402648e-03 4.481234e-03 1.141740e-02 -1.313924e-03 8.605001e-03 -7.250478e-03 2.641554e-03 -3.968518e-03 8.909812e-05 -1.234788e-03 -6.224342e-03 7.374581e-03 -3.628014e-04 1.028956e-03 -2.058552e-03 2.600896e-03 7.135601e-03 5.906180e-03 5.414515e-03 3.980885e-03 5.655884e-03 3.241906e-03 1.680002e-03 -1.211439e-02
<VARIANCE> 39
 9.369519e+00 9.217368e+00 1.044101e+01 1.319677e+01 1.511948e+01 1.573973e+01 1.833109e+01 1.801249e+01 1.913924e+01 1.818537e+01 1.680179e+01 1.420166e+01 2.142756e+01 8.740711e-01 5.122957e-01 7.586353e-01 9.883831e-01 1.319930e+00 1.417842e+00 1.601514e+00 1.627425e+00 1.730186e+00 1.702132e+00 1.566239e+00 1.368789e+00 1.526978e+00 1.746878e-01 9.999795e-02 1.523923e-01 1.984912e-01 2.654367e-01 2.875149e-01 3.258638e-01 3.307432e-01 3.520006e-01 3.480452e-01 3.192243e-01 2.804973e-01 2.928798e-01
<GCONST> 9.139769e+01
<STATE> 4
<MEAN> 39
 -1.013303e+01 3.012556e+00 -2.911971e+00 -5.286016e-01 4.246184e-01 1.833739e-01 3.091789e+00 3.076355e+00 2.320931e+00 -1.687399e-01 1.846185e-01 -1.811923e+00 4.903426e+01 2.097320e-02 -4.597598e-03 9.047866e-03 -8.592961e-03 2.111563e-03 1.099336e-02 5.341225e-03 6.991423e-03 9.723812e-04 5.090564e-03 2.737601e-03 4.263106e-04 -2.586799e-02 -1.659658e-03 -6.926977e-04 -8.972088e-04 -4.375429e-05 -1.315033e-03 -2.110568e-03 -2.924689e-03 -1.611141e-03 -1.152589e-03 -8.293081e-04 -3.891460e-04 7.248204e-05 2.655805e-03
<VARIANCE> 39
 1.126105e+01 9.253550e+00 1.223197e+01 1.283328e+01 1.714655e+01 1.703340e+01 1.993371e+01 1.776834e+01 1.764502e+01 1.742249e+01 1.489172e+01 1.308227e+01 1.359957e+01 7.237180e-01 4.946437e-01 6.903847e-01 8.663681e-01 1.118128e+00 1.290824e+00 1.436692e+00 1.495413e+00 1.529167e+00 1.519607e+00 1.386255e+00 1.241168e+00 7.482984e-01 1.384287e-01 9.532634e-02 1.366055e-01 1.739473e-01 2.226427e-01 2.576619e-01 2.902812e-01 3.022333e-01 3.118502e-01 3.094819e-01 2.817903e-01 2.526310e-01 1.366445e-01
<GCONST> 8.689296e+01
<TRANSP> 5
 0.000000e+00 1.000000e+00 0.000000e+00 0.000000e+00 0.000000e+00
 0.000000e+00 9.914500e-01 8.550037e-03 0.000000e+00 0.000000e+00
 0.000000e+00 0.000000e+00 9.873250e-01 1.267494e-02 0.000000e+00
 0.000000e+00 0.000000e+00 0.000000e+00 9.925364e-01 7.463581e-03
 0.000000e+00 0.000000e+00 0.000000e+00 0.000000e+00 0.000000e+00
<ENDHMM>
~h "pr"
<BEGINHMM>
<NUMSTATES> 5
<STATE> 2
<MEAN> 39
 -1.503425e+01 -8.615470e+00 -1.066327e+00 -7.942175e+00 2.722109e+00 6.112144e+00 4.725446e+00 6.770413e-01 -1.032863e+00 -1.838930e+00 5.047067e+00 7.788132e-02 5.874075e+01 -4.040841e-02 -1.629564e-02 1.239413e-02 -1.220566e-02 1.608899e-02 1.050432e-02 5.267970e-03 -1.788075e-02 4.643148e-03 -5.162430e-03 -1.035007e-02 4.171957e-02 3.765202e-02 1.215007e-02 3.489526e-03 5.991589e-04 3.909518e-03 -4.812182e-03 -1.064927e-03 -3.911517e-03 4.509231e-03 3.511403e-03 2.140209e-03 -4.306177e-03 -3.559246e-03 -1.099123e-02
<VARIANCE> 39
 3.097350e+01 4.307451e+01 4.856553e+01 3.297406e+01 5.262395e+01 6.772161e+01 5.574434e+01 6.327072e+01 6.286921e+01 3.628427e+01 5.655424e+01 5.450727e+01 2.309842e+01 7.648796e-01 7.624211e-01 9.952543e-01 1.264797e+00 1.496587e+00 1.872538e+00 2.015436e+00 2.245791e+00 2.224365e+00 2.003087e+00 2.149563e+00 1.939132e+00 5.947695e-01 1.084061e-01 1.225815e-01 1.652011e-01 2.195067e-01 2.669365e-01 3.319483e-01 3.728368e-01 3.969266e-01 4.154345e-01 3.705528e-01 3.906455e-01 3.474653e-01 8.088987e-02
<GCONST> 1.077829e+02
<STATE> 3
<MEAN> 39
 -1.977891e+01 2.952016e+00 1.698761e+01 -1.653350e+01 2.418072e+00 1.380124e+01 -5.400162e+00 -2.989447e+00 1.280238e+01 -4.459640e+00 -8.712696e+00 9.378516e+00 5.336600e+01 6.783638e-02 -3.410393e-02 -7.839240e-03 -5.900173e-03 2.461358e-02 -3.052796e-02 -1.125874e-02 4.605451e-02 -2.189359e-02 4.208267e-02 -3.152356e-02 3.949894e-03 -5.614131e-02 3.224781e-03 1.247862e-03 -7.747939e-03 3.160990e-03 5.848014e-03 -8.691647e-03 3.158748e-03 1.120863e-02 -1.034493e-02 5.861188e-04 1.036559e-02 -7.130454e-03 -3.021757e-03
<VARIANCE> 39
 1.869845e+01 1.936284e+01 1.594729e+01 2.937277e+01 2.486794e+01 2.374900e+01 1.669708e+01 3.128522e+01 3.293575e+01 3.859355e+01 3.482322e+01 1.861098e+01 1.425283e+01 6.022423e-01 4.724210e-01 5.509611e-01 8.380280e-01 1.243565e+00 1.285756e+00 1.154949e+00 1.434833e+00 1.625819e+00 1.614037e+00 1.806968e+00 1.083630e+00 2.418932e-01 1.500110e-01 9.448815e-02 1.089730e-01 1.686717e-01 2.557719e-01 2.632956e-01 2.346613e-01 2.944277e-01 3.344866e-01 3.096058e-01 3.427131e-01 2.154621e-01 5.912161e-02
<GCONST> 9.047392e+01
<STATE> 4
<MEAN> 39
 -1.414593e+01 -5.302085e+00 3.915336e+00 -6.596889e+00 3.657803e+00 -2.931803e-01 2.669813e+00 5.484418e+00 3.555947e+00 -1.753987e+00 -3.124572e+00 3.358701e+00 5.414093e+01 3.295825e-02 2.574562e-02 -2.109538e-02 1.982184e-02 -2.061285e-02 -6.465917e-03 1.324885e-02 1.478042e-03 -6.373629e-04 1.973817e-04 1.099587e-02 -1.977178e-02 -3.212639e-02 -8.157314e-04 4.430049e-04 6.171668e-04 -8.152107e-04 -3.729451e-04 1.758572e-03 -1.971152e-04 -1.176286e-03 3.507228e-05 2.994706e-04 6.965768e-05 -1.682005e-04 3.763933e-04
<VARIANCE> 39
 3.935448e+01 5.660618e+01 5.788936e+01 5.582618e+01 7.883930e+01 1.003338e+02 7.112497e+01 5.921157e+01 5.336397e+01 4.608631e+01 5.522655e+01 6.348093e+01 4.742100e+01 3.245588e-01 3.950450e-01 6.424539e-01 9.263256e-01 1.134524e+00 1.408496e+00 1.456198e+00 1.606111e+00 1.682094e+00 1.677344e+00 1.531531e+00 1.308814e+00 1.627405e-01 5.903900e-02 7.002583e-02 1.164377e-01 1.686900e-01 2.186106e-01 2.685230e-01 2.863660e-01 3.042881e-01 3.223015e-01 3.263068e-01 2.975618e-01 2.519938e-01 2.653023e-02
<GCONST> 1.001132e+02
<TRANSP> 5
 0.000000e+00 1.000000e+00 0.000000e+00 0.000000e+00 0.000000e+00
 0.000000e+00 9.897159e-01 1.028405e-02 0.000000e+00 0.000000e+00
 0.000000e+00 0.000000e+00 9.840747e-01 1.592537e-02 0.000000e+00
 0.000000e+00 0.000000e+00 0.000000e+00 9.952377e-01 4.762346e-03
 0.000000e+00 0.000000e+00 0.000000e+00 0.000000e+00 0.000000e+00
<ENDHMM>
~h "pw"
<BEGINHMM>
<NUMSTATES> 5
<STATE> 2
<MEAN> 39
 -1.311123e+01 -3.069367e+00 -1.479983e+00 -1.518186e+00 1.321545e+00 -1.134925e+00 2.282580e+00 7.911658e-01 7.238370e-01 7.947923e-01 5.518439e-01 -5.630714e-01 5.421016e+01 -1.097356e-03 -3.608850e-03 1.466839e-03 -1.844533e-04 1.681982e-04 -3.416232e-03 3.042684e-04 -1.542265e-03 -1.483294e-03 1.305104e-03 -8.024079e-04 1.070425e-03 2.909262e-03 -1.089157e-04 -9.573821e-04 -4.925483e-04 -5.736576e-04 -1.038641e-03 -1.270397e-03 -1.364558e-03 -7.420167e-04 -6.903404e-04 -8.392999e-05 1.960121e-04 1.344556e-04 2.000311e-03
<VARIANCE> 39
 1.823037e+01 2.749384e+01 1.301985e+01 1.327215e+01 1.559147e+01 1.977502e+01 2.102744e+01 2.219559e+01 1.863779e+01 1.604618e+01 1.479172e+01 1.319555e+01 3.601811e+01 5.571765e-01 8.526681e-01 6.948439e-01 8.791655e-01 1.118191e+00 1.330758e+00 1.467978e+00 1.571336e+00 1.542735e+00 1.467962e+00 1.378160e+00 1.231191e+00 9.040958e-01 9.191608e-02 1.415091e-01 1.315191e-01 1.715793e-01 2.210728e-01 2.637696e-01 2.939219e-01 3.128695e-01 3.141625e-01 3.001878e-01 2.818564e-01 2.513366e-01 1.314334e-01
<GCONST> 9.032372e+01
<STATE> 3
<MEAN> 39
 -1.095808e+01 -7.418939e+00 -3.974144e+00 -3.268529e+00 -3.611719e-01 -5.594539e+00 -1.797144e+00 -4.389987e+00 -2.608095e+00 -1.293632e+00 -2.773477e-01 -4.379015e-01 6.245985e+01 -2.928501e-03 -7.588436e-02 -2.380144e-02 6.978265e-03 -9.574610e-03 -6.543070e-02 -6.868849e-02 -7.514462e-02 -3.895376e-02 -2.219270e-02 2.875309e-03 1.314949e-02 1.060046e-01 7.980921e-03 1.131771e-02 3.497344e-03 4.460042e-03 1.205716e-02 1.738682e-02 1.810886e-02 1.567777e-02 1.065310e-02 5.657102e-03 9.228166e-04 -1.437639e-03 -2.646372e-02
<VARIANCE> 39
 2.247657e+01 2.796908e+01 1.454628e+01 1.428889e+01 1.849316e+01 2.436797e+01 2.369571e+01 2.789013e+01 2.022779e+01 1.775844e+01 1.605661e+01 1.422819e+01 8.483202e+01 6.566026e-01 1.199707e+00 7.895061e-01 9.442704e-01 1.296051e+00 1.670042e+00 1.786880e+00 1.862936e+00 1.641273e+00 1.566600e+00 1.424362e+00 1.314011e+00 4.340253e+00 1.087682e-01 1.863385e-01 1.449993e-01 1.800782e-01 2.504734e-01 3.102986e-01 3.443570e-01 3.519201e-01 3.313210e-01 3.192444e-01 2.911477e-01 2.705932e-01 5.975414e-01
<GCONST> 9.878778e+01
<STATE> 4
<MEAN> 39
 -1.217361e+01 -3.444991e+00 -3.103063e+00 -2.870617e+00 5.330188e-01 -5.316842e-01 3.001162e+00 6.667055e-01 3.553767e-01 5.267559e-01 2.929022e-01 -9.898833e-01 5.513259e+01 1.199172e-02 1.532178e-02 6.230926e-03 -2.218889e-04 4.930457e-03 2.001275e-02 1.742290e-02 2.137424e-02 1.277934e-02 4.527790e-03 5.689214e-04 -3.846908e-03 -3.519393e-02 6.556918e-04 -1.130401e-03 -8.279071e-04 -6.801287e-04 -1.545886e-03 -2.092722e-03 -2.554673e-03 -2.363160e-03 -1.610984e-03 -1.163109e-03 -6.610986e-04 6.016817e-05 1.455598e-03
<VARIANCE> 39
 1.631720e+01 2.096472e+01 1.200890e+01 1.222495e+01 1.357651e+01 2.068811e+01 2.120839e+01 2.067328e+01 1.784213e+01 1.573896e+01 1.419102e+01 1.314297e+01 3.123285e+01 5.251780e-01 7.119514e-01 6.446256e-01 8.346468e-01 1.063585e+00 1.322236e+00 1.476550e+00 1.538600e+00 1.514052e+00 1.458014e+00 1.381641e+00 1.244411e+00 7.520666e-01 8.504177e-02 1.202013e-01 1.229034e-01 1.638276e-01 2.126070e-01 2.616611e-01 2.941300e-01 3.065839e-01 3.085960e-01 2.979259e-01 2.830724e-01 2.546382e-01 1.058777e-01
<GCONST> 8.809145e+01
<TRANSP> 5
 0.000000e+00 1.000000e+00 0.000000e+00 0.000000e+00 0.000000e+00
 0.000000e+00 9.964740e-01 3.526056e-03 0.000000e+00 0.000000e+00
 0.000000e+00 0.000000e+00 9.861110e-01 1.388904e-02 0.000000e+00
 0.000000e+00 0.000000e+00 0.000000e+00 9.960391e-01 3.960963e-03
 0.000000e+00 0.000000e+00 0.000000e+00 0.000000e+00 0.000000e+00
<ENDHMM>
~h "si"
<BEGINHMM>
<NUMSTATES> 5
<STATE> 2
<MEAN> 39
 -8.512900e+00 1.510397e+00 7.638949e-01 -2.007104e+00 1.757749e+00 1.460289e+00 2.240836e+00 3.157204e+00 1.193102e+00 2.960138e-01 2.216609e-01 -1.278354e+00 4.783178e+01 -1.053476e-03 -2.070770e-03 -9.556348e-03 -1.046159e-02 -9.229073e-03 2.466726e-03 9.056859e-03 1.404043e-02 4.813218e-03 9.413128e-03 3.703623e-03 -3.207376e-03 -2.421384e-02 1.223089e-03 -4.081361e-04 -1.900464e-03 -1.576254e-03 -1.125987e-03 1.107786e-03 1.163353e-03 1.245216e-03 5.372530e-04 8.882234e-04 2.129810e-04 -6.765957e-04 -4.725707e-04
<VARIANCE> 39
 2.044995e+01 1.358339e+01 1.527166e+01 1.483124e+01 1.914571e+01 1.950440e+01 2.391067e+01 2.214482e+01 1.905675e+01 1.715678e+01 1.611284e+01 1.426041e+01 2.322672e+01 2.706723e-01 4.175175e-01 5.283289e-01 7.407531e-01 9.600251e-01 1.164133e+00 1.301640e+00 1.402773e+00 1.408496e+00 1.398182e+00 1.311160e+00 1.144782e+00 2.268934e-01 4.392927e-02 7.428133e-02 1.004868e-01 1.443448e-01 1.879457e-01 2.293328e-01 2.590827e-01 2.796045e-01 2.840142e-01 2.825935e-01 2.644605e-01 2.316871e-01 3.268228e-02
<GCONST> 8.202571e+01
<STATE> 3
<MEAN> 39
 -4.765284e+00 -4.519264e-01 -2.012805e+00 -3.027288e+00 2.918456e-01 2.757030e+00 3.569745e+00 4.024652e+00 1.226953e+00 1.080778e+00 1.795772e-01 -2.041752e+00 4.602673e+01 -1.484317e-03 3.188645e-03 -7.389246e-03 -4.809273e-03 -3.364457e-03 4.461774e-03 1.698800e-03 6.716328e-03 1.089506e-03 2.124768e-03 1.859830e-03 -9.592500e-04 -9.624033e-03 -2.397568e-03 -6.399117e-06 1.068277e-03 7.104783e-04 7.029634e-05 -2.517159e-03 -1.959737e-03 -2.631075e-03 -8.252862e-04 -1.122111e-03 -1.230722e-04 1.187009e-03 2.356082e-03
<VARIANCE> 39
 5.098311e+00 1.298446e+01 1.200781e+01 1.047543e+01 1.632593e+01 1.576986e+01 1.747072e+01 1.869148e+01 1.689424e+01 1.638058e+01 1.453245e+01 1.299931e+01 1.261284e+01 1.331415e-01 2.653753e-01 4.510238e-01 6.598349e-01 8.927293e-01 1.088538e+00 1.244156e+00 1.346145e+00 1.371947e+00 1.378326e+00 1.289048e+00 1.139190e+00 4.618353e-02 2.452938e-02 5.162362e-02 8.990247e-02 1.333443e-01 1.807146e-01 2.212200e-01 2.531811e-01 2.747906e-01 2.814015e-01 2.835750e-01 2.644450e-01 2.331349e-01 7.756721e-03
<GCONST> 7.216724e+01
<STATE> 4
<MEAN> 39
 -9.265110e+00 -1.380057e+00 -1.637049e+00 -2.828178e+00 -1.998684e-01 -4.452452e-03 2.854600e+00 1.881791e+00 1.374245e+00 6.151754e-01 4.896394e-01 -1.119404e+00 5.128897e+01 -1.982944e-02 -5.165293e-03 1.677380e-03 -2.460759e-03 -3.592040e-03 -1.223222e-02 -7.560454e-03 -1.473109e-02 2.246042e-04 -2.071078e-04 4.037491e-03 6.782144e-03 3.854504e-02 1.800841e-03 1.476904e-04 7.351874e-04 6.172555e-04 7.779748e-04 2.118437e-03 9.804078e-04 1.117739e-03 3.655782e-04 3.986936e-04 -8.189718e-05 -9.467933e-04 8.546562e-05
<VARIANCE> 39
 2.122903e+01 2.011131e+01 1.503436e+01 1.602756e+01 1.839936e+01 2.097303e+01 2.217270e+01 2.353635e+01 2.083611e+01 1.799029e+01 1.670419e+01 1.506205e+01 3.568969e+01 4.974535e-01 6.221570e-01 6.434059e-01 8.698131e-01 1.096162e+00 1.321805e+00 1.458582e+00 1.588774e+00 1.537628e+00 1.504744e+00 1.406651e+00 1.247486e+00 6.727315e-01 7.793066e-02 1.063934e-01 1.201435e-01 1.662069e-01 2.128343e-01 2.571620e-01 2.876377e-01 3.147008e-01 3.065006e-01 3.022227e-01 2.825242e-01 2.507149e-01 9.723514e-02
<GCONST> 8.955265e+01
<TRANSP> 5
 0.000000e+00 1.000000e+00 0.000000e+00 0.000000e+00 0.000000e+00
 0.000000e+00 9.882056e-01 1.179437e-02 0.000000e+00 0.000000e+00
 0.000000e+00 0.000000e+00 9.918299e-01 8.170084e-03 0.000000e+00
 0.000000e+00 0.000000e+00 0.000000e+00 9.855762e-01 1.442384e-02
 0.000000e+00 0.000000e+00 0.000000e+00 0.000000e+00 0.000000e+00
<ENDHMM>
~h "st"
<BEGINHMM>
<NUMSTATES> 5
<STATE> 2
<MEAN> 39
 -9.173994e+00 -3.942316e+00 -2.214299e+00 -7.454688e+00 -2.542859e+00 -3.415857e+00 1.263843e+00 1.128247e+00 1.213543e+00 1.061694e-01 8.189079e-01 -1.844804e+00 5.909193e+01 -2.625124e-01 -5.716500e-01 1.591424e-01 -5.877706e-01 -3.135505e-01 -7.067729e-01 -3.836912e-01 -1.266768e-01 2.469735e-02 -6.864708e-02 6.454559e-02 3.988224e-02 1.353094e+00 7.012425e-02 1.001098e-01 3.412266e-02 1.009091e-01 7.631561e-02 1.379428e-01 9.462202e-02 5.280069e-02 3.788645e-02 2.993661e-02 9.182579e-03 2.133929e-02 -2.355829e-01
<VARIANCE> 39
 2.382590e+01 3.206174e+01 1.871088e+01 3.307941e+01 2.670748e+01 3.896135e+01 2.825427e+01 2.365548e+01 2.215289e+01 1.979589e+01 1.799945e+01 1.509312e+01 8.950768e+01 1.250060e+00 1.746546e+00 1.262436e+00 2.192365e+00 2.201551e+00 3.009094e+00 2.318001e+00 2.286407e+00 2.150348e+00 1.987424e+00 1.839895e+00 1.581929e+00 4.876807e+00 1.823492e-01 2.858679e-01 2.106032e-01 3.876867e-01 3.713337e-01 5.267968e-01 4.072379e-01 3.927126e-01 3.685383e-01 3.475654e-01 3.162437e-01 2.807773e-01 8.378245e-01
<GCONST> 1.102636e+02
<STATE> 3
<MEAN> 39
 -8.436591e+00 -2.874447e+00 -1.737889e+00 -6.085168e+00 -1.584761e+00 -1.488971e+00 2.447109e+00 4.720743e-01 3.537871e-01 -3.192072e-01 6.252956e-01 -1.808625e+00 5.622086e+01 5.461071e-04 1.751253e-02 1.421152e-03 1.657629e-02 6.264711e-03 1.684907e-02 9.636150e-03 7.717808e-04 -2.905763e-03 -2.575925e-05 -9.682273e-04 1.291938e-03 -3.943105e-02 1.525294e-04 1.477204e-03 -1.875957e-03 2.210457e-03 8.409310e-04 1.273799e-03 1.757025e-04 3.297827e-04 8.137708e-05 7.489340e-04 -8.292725e-05 -5.422481e-04 -1.556293e-03
<VARIANCE> 39
 1.672599e+01 2.110884e+01 1.654033e+01 2.407220e+01 2.033789e+01 2.604110e+01 2.067662e+01 1.980350e+01 2.002771e+01 1.861501e+01 1.607869e+01 1.451306e+01 4.482702e+01 5.608472e-01 7.026279e-01 6.879188e-01 1.221462e+00 1.313583e+00 1.579518e+00 1.535086e+00 1.560839e+00 1.588171e+00 1.551371e+00 1.449447e+00 1.303750e+00 1.592796e+00 8.888947e-02 1.186055e-01 1.306020e-01 2.231532e-01 2.536124e-01 3.041563e-01 3.084668e-01 3.174219e-01 3.237360e-01 3.177021e-01 2.970594e-01 2.680377e-01 2.219280e-01
<GCONST> 9.421230e+01
<STATE> 4
<MEAN> 39
 -9.982724e+00 -2.796130e-01 -1.128386e+00 -3.511095e+00 -2.667385e-01 -6.956226e-01 2.497555e+00 1.803236e+00 1.922459e+00 5.151752e-01 6.401188e-01 -1.520523e+00 5.175401e+01 6.971125e-03 1.526988e-02 -6.190350e-03 1.952016e-02 2.030707e-02 3.127493e-02 1.690112e-02 3.370475e-03 -7.496751e-04 1.560208e-03 -2.717278e-03 -9.528861e-04 -4.610375e-02 -2.837229e-04 -2.667560e-03 -6.653855e-04 -4.343315e-03 -3.662006e-03 -3.412887e-03 -2.476811e-03 -1.789765e-03 -1.673041e-03 -1.494185e-03 -8.222604e-04 -5.232640e-04 3.526556e-03
<VARIANCE> 39
 1.783512e+01 1.129615e+01 1.168519e+01 1.616679e+01 1.671335e+01 2.068320e+01 2.073991e+01 1.919943e+01 1.704519e+01 1.579410e+01 1.426171e+01 1.294117e+01 2.147654e+01 3.305866e-01 4.801038e-01 5.955099e-01 9.543739e-01 1.121262e+00 1.350073e+00 1.378753e+00 1.470032e+00 1.467113e+00 1.439515e+00 1.349832e+00 1.208304e+00 4.557993e-01 5.283385e-02 8.453739e-02 1.133215e-01 1.761434e-01 2.162063e-01 2.606393e-01 2.732322e-01 2.934208e-01 2.957176e-01 2.914473e-01 2.742830e-01 2.452007e-01 6.022654e-02
<GCONST> 8.441850e+01
<TRANSP> 5
 0.000000e+00 1.000000e+00 0.000000e+00 0.000000e+00 0.000000e+00
 0.000000e+00 8.421277e-01 1.578722e-01 0.000000e+00 0.000000e+00
 0.000000e+00 0.000000e+00 9.928808e-01 7.119190e-03 0.000000e+00
 0.000000e+00 0.000000e+00 0.000000e+00 9.892816e-01 1.071835e-02
 0.000000e+00 0.000000e+00 0.000000e+00 0.000000e+00 0.000000e+00
<ENDHMM>
~h "spe"
<BEGINHMM>
<NUMSTATES> 5
<STATE> 2
<MEAN> 39
 -1.874785e+00 -2.113633e+00 -1.722769e+00 -7.290326e+00 -2.853515e+00 -1.346461e+00 -2.641504e+00 -1.557271e-01 -2.537430e+00 5.376164e-01 -3.391123e-02 -4.812282e+00 5.590695e+01 -1.140615e-02 -5.718592e-02 8.003947e-02 -5.451745e-02 -7.929422e-02 -1.112576e-01 -9.833073e-02 -3.347213e-02 -8.513819e-03 3.079635e-02 4.401032e-03 2.288972e-03 1.328704e-01 2.433634e-03 -9.302357e-03 7.047414e-03 8.224152e-03 -1.632082e-02 -8.341782e-03 1.242185e-03 1.380940e-03 6.428944e-03 -3.170010e-03 -3.614513e-03 4.989041e-03 9.735325e-04
<VARIANCE> 39
 2.836707e+01 4.210703e+01 3.480820e+01 4.177569e+01 4.494897e+01 4.800553e+01 3.611175e+01 3.922991e+01 3.241106e+01 3.196452e+01 3.407972e+01 3.145618e+01 1.257078e+01 8.029504e-01 1.179308e+00 1.248890e+00 1.466644e+00 1.992247e+00 2.024622e+00 1.966213e+00 2.157168e+00 2.067788e+00 2.074078e+00 1.952106e+00 1.834425e+00 4.239223e-01 9.971260e-02 1.497474e-01 1.752221e-01 2.209078e-01 3.062480e-01 3.374064e-01 3.436369e-01 3.849243e-01 3.851394e-01 3.824247e-01 3.538484e-01 3.294520e-01 4.193679e-02
<GCONST> 1.037083e+02
<STATE> 3
<MEAN> 39
 -2.731202e+00 -4.891806e+00 2.491986e+00 -1.256943e+01 -4.071666e+00 -5.084767e+00 -5.061531e+00 -1.991858e+00 -2.384560e+00 -2.742832e+00 -4.764611e+00 -3.001285e+00 6.167575e+01 8.270019e-03 1.250063e-02 -6.305926e-02 3.983855e-02 3.461040e-02 7.785076e-03 2.093266e-02 -6.695456e-03 1.097947e-02 -3.323847e-02 -5.028973e-02 -4.317670e-02 -1.342436e-02 -4.706840e-03 1.802076e-02 -1.325221e-02 1.498458e-02 1.889827e-02 1.400294e-02 1.712381e-02 1.389568e-03 -1.136373e-03 6.311939e-03 5.194901e-03 1.524998e-03 -1.907135e-02
<VARIANCE> 39
 2.141853e+01 3.652657e+01 7.335365e+01 6.563950e+01 6.600757e+01 6.140024e+01 4.284718e+01 5.799502e+01 4.039125e+01 3.597105e+01 5.729029e+01 3.749921e+01 2.405288e+01 5.469094e-01 9.878233e-01 1.292516e+00 1.551082e+00 1.856533e+00 1.932866e+00 2.060179e+00 2.250788e+00 2.085237e+00 2.030234e+00 2.034184e+00 1.749123e+00 4.230765e-01 7.534543e-02 1.327588e-01 1.908167e-01 2.459868e-01 3.107056e-01 3.486439e-01 3.745057e-01 4.073829e-01 3.918521e-01 3.884512e-01 3.834766e-01 3.284683e-01 4.635413e-02
<GCONST> 1.070296e+02
<STATE> 4
<MEAN> 39
 -1.795396e+00 -3.589392e+00 -1.167829e+00 -5.778777e+00 -3.085892e+00 -4.395239e-01 -4.895758e-01 4.736680e-01 -1.437791e+00 -1.200743e-01 -8.720640e-01 -4.105397e+00 5.335886e+01 -6.583786e-04 4.770226e-03 -7.143840e-03 1.208238e-02 1.084339e-02 1.212018e-02 1.605456e-02 1.076624e-02 6.566272e-03 8.522015e-03 9.164735e-03 7.469282e-03 -2.469534e-02 -1.398388e-04 -8.655375e-04 4.319704e-04 -1.501748e-03 -5.690085e-04 -8.378444e-04 -1.216932e-03 7.617800e-06 -2.546153e-04 -1.853826e-04 -3.579839e-04 -2.466617e-04 6.849091e-04
<VARIANCE> 39
 1.543799e+01 3.061743e+01 3.401799e+01 2.795045e+01 4.425433e+01 3.915453e+01 4.033509e+01 3.299545e+01 2.949078e+01 2.866071e+01 2.862552e+01 2.471697e+01 1.832345e+01 3.533583e-01 6.724336e-01 8.619107e-01 1.004811e+00 1.396437e+00 1.565464e+00 1.675822e+00 1.718828e+00 1.747025e+00 1.708445e+00 1.674131e+00 1.468050e+00 2.310717e-01 4.969539e-02 9.649022e-02 1.308553e-01 1.708109e-01 2.355988e-01 2.797858e-01 3.057228e-01 3.238992e-01 3.386172e-01 3.333108e-01 3.187369e-01 2.787718e-01 2.464504e-02
<GCONST> 9.386214e+01
<TRANSP> 5
 0.000000e+00 1.000000e+00 0.000000e+00 0.000000e+00 0.000000e+00
 0.000000e+00 9.778594e-01 2.214063e-02 0.000000e+00 0.000000e+00
 0.000000e+00 0.000000e+00 9.829979e-01 1.700212e-02 0.000000e+00
 0.000000e+00 0.000000e+00 0.000000e+00 9.964764e-01 3.523672e-03
 0.000000e+00 0.000000e+00 0.000000e+00 0.000000e+00 0.000000e+00
<ENDHMM>
