~o
<STREAMINFO> 1 39
<VECSIZE> 39<NULLD><MFCC_D_A_0><DIAGC>
~h "ap"
<BEGINHMM>
<NUMSTATES> 5
<STATE> 2
<MEAN> 39
 -1.497492e+01 -8.180965e+00 -5.133082e+00 -1.328150e+00 -1.904789e+00 -3.717131e+00 1.466553e+00 -6.517521e-01 -6.237427e-01 -2.266639e-01 2.425958e-01 -1.279811e+00 6.462032e+01 -7.308716e-01 -1.205798e+00 -5.896401e-01 -9.311789e-02 -5.214559e-01 -7.326149e-01 -1.976227e-01 -3.815141e-01 -1.256715e-01 -9.032438e-02 -3.716842e-02 3.102819e-02 2.192223e+00 1.608402e-01 1.150805e-01 6.882264e-02 -7.201735e-03 1.049175e-01 1.620198e-01 1.279353e-01 7.514532e-02 7.602774e-02 3.512071e-02 3.385491e-02 1.843427e-02 -3.647491e-01
<VARIANCE> 39
 4.361598e+01 5.291469e+01 3.475760e+01 2.295943e+01 2.994490e+01 4.582066e+01 3.410243e+01 3.234274e+01 2.627110e+01 2.128947e+01 1.837873e+01 1.566808e+01 1.879741e+02 3.521721e+00 4.092565e+00 1.950293e+00 1.704394e+00 2.709480e+00 4.161909e+00 3.006395e+00 3.099982e+00 2.533960e+00 2.201910e+00 1.793500e+00 1.569933e+00 1.561006e+01 5.292215e-01 6.089783e-01 2.991493e-01 2.810097e-01 4.347022e-01 6.854951e-01 5.164230e-01 5.294194e-01 4.279130e-01 3.790069e-01 3.039821e-01 2.777113e-01 2.562764e+00
<GCONST> 1.221196e+02
<STATE> 3
<MEAN> 39
 -1.164621e+01 -1.674622e+01 -1.120146e+01 9.772456e-02 1.798942e-01 -9.090261e+00 2.513024e-02 -1.055839e+00 -3.392274e+00 -2.883267e+00 7.699059e-01 -3.848123e-01 6.937329e+01 1.037887e-01 3.794991e-02 6.933340e-02 6.927740e-02 8.926376e-02 4.038443e-02 4.792573e-02 1.730612e-02 3.447839e-04 -5.646779e-04 2.123601e-02 1.403123e-02 -2.670442e-01 3.456633e-05 1.346631e-02 9.043312e-03 5.770433e-03 6.812048e-03 4.749865e-03 -4.222925e-03 1.335511e-03 -2.434991e-03 1.435751e-03 -1.195468e-03 -2.684337e-03 -9.949588e-03
<VARIANCE> 39
 1.595289e+01 2.539500e+01 2.288795e+01 2.504079e+01 3.249400e+01 2.747485e+01 2.942824e+01 2.313061e+01 2.385067e+01 2.186495e+01 1.743586e+01 1.482158e+01 7.807688e+01 5.963920e-01 7.657112e-01 8.395617e-01 1.079401e+00 1.394898e+00 1.456663e+00 1.658178e+00 1.484965e+00 1.521147e+00 1.460773e+00 1.342124e+00 1.236068e+00 4.228478e+00 9.987104e-02 1.391058e-01 1.502862e-01 2.053310e-01 2.601562e-01 2.863510e-01 3.369069e-01 3.054922e-01 3.125411e-01 3.008510e-01 2.752800e-01 2.553566e-01 6.567236e-01
<GCONST> 9.892800e+01
<STATE> 4
<MEAN> 39
 -1.110319e+01 -1.078890e+01 -5.456993e+00 -1.722042e-01 6.648111e-02 -4.388983e+00 2.653043e+00 -1.208576e+00 -1.812241e+00 -1.448272e-01 6.557485e-01 -8.419188e-01 6.064141e+01 1.810109e-02 1.907931e-02 9.951884e-03 7.923074e-03 5.443290e-03 9.620189e-03 5.266101e-03 1.098384e-02 2.055997e-03 1.845930e-03 -6.109489e-04 -1.576163e-03 -4.130842e-02 -1.083529e-03 -5.706678e-04 -1.591855e-03 -1.588742e-03 -1.904857e-03 -1.561860e-03 -1.592711e-03 -3.568519e-04 -5.731854e-04 -1.122639e-03 -4.719354e-04 -4.235257e-05 2.147934e-03
<VARIANCE> 39
 2.622953e+01 5.595097e+01 2.874569e+01 2.519600e+01 3.400579e+01 3.693559e+01 2.853506e+01 3.099345e+01 2.485714e+01 2.012290e+01 1.696464e+01 1.509250e+01 1.252798e+02 9.293433e-01 1.287922e+00 9.339296e-01 9.800523e-01 1.413983e+00 1.715964e+00 1.618222e+00 1.737743e+00 1.604059e+00 1.461537e+00 1.367041e+00 1.225831e+00 5.263152e+00 1.455324e-01 1.981887e-01 1.596679e-01 1.839826e-01 2.618502e-01 3.231667e-01 3.196223e-01 3.378703e-01 3.258079e-01 2.990042e-01 2.772804e-01 2.497786e-01 7.801352e-01
<GCONST> 1.040901e+02
<TRANSP> 5
 0.000000e+00 1.000000e+00 0.000000e+00 0.000000e+00 0.000000e+00
 0.000000e+00 8.737786e-01 1.262214e-01 0.000000e+00 0.000000e+00
 0.000000e+00 0.000000e+00 9.851944e-01 1.480560e-02 0.000000e+00
 0.000000e+00 0.000000e+00 0.000000e+00 9.952530e-01 4.747014e-03
 0.000000e+00 0.000000e+00 0.000000e+00 0.000000e+00 0.000000e+00
<ENDHMM>
~h "cl"
<BEGINHMM>
<NUMSTATES> 5
<STATE> 2
<MEAN> 39
 -1.186478e+01 -1.748939e+00 -1.469787e+00 -3.966364e+00 -1.442399e+00 4.546537e+00 3.423787e+00 6.899406e-01 3.374972e+00 4.204775e-02 -2.433705e+00 7.655845e-01 5.381895e+01 -2.619748e-01 3.861134e-02 3.066122e-02 -2.534616e-02 -7.733332e-02 1.144408e-01 -6.441436e-02 -1.119698e-01 6.495281e-02 -2.931421e-02 -8.996668e-02 6.956026e-02 2.007767e-01 -4.935985e-02 1.026697e-04 1.906604e-02 -1.060218e-02 -2.580251e-02 4.144585e-02 -1.441064e-02 -3.469478e-02 2.042593e-02 -4.258093e-03 -3.617421e-02 2.633964e-02 3.494341e-02
<VARIANCE> 39
 3.783937e+01 3.063694e+01 2.918079e+01 1.517970e+01 1.918460e+01 4.546036e+01 2.388875e+01 2.585817e+01 3.304474e+01 2.237714e+01 2.491348e+01 2.203859e+01 5.507728e+01 2.274794e+00 8.192408e-01 7.637243e-01 9.195350e-01 1.299524e+00 2.039096e+00 1.716083e+00 2.000201e+00 2.038528e+00 1.757555e+00 1.757224e+00 1.558633e+00 2.092550e+00 2.697273e-01 1.227646e-01 1.329993e-01 1.655963e-01 2.335181e-01 3.409368e-01 3.065596e-01 3.573359e-01 3.619506e-01 3.276047e-01 3.153688e-01 2.791012e-01 2.642898e-01
<GCONST> 1.025865e+02
<STATE> 3
<MEAN> 39
 -2.009076e+01 2.362770e+00 -7.646919e-01 -6.874840e+00 -4.620349e+00 1.208614e+01 5.852720e-01 -2.138376e+00 8.811919e+00 -3.758803e+00 -4.106322e+00 5.237019e+00 5.889547e+01 1.671830e-02 -5.273703e-03 -6.073684e-03 4.887238e-03 -1.061931e-03 6.391006e-04 2.825272e-03 -1.521109e-02 -6.636704e-03 -7.090322e-04 -7.664219e-03 4.024380e-03 -6.038189e-03 1.269926e-02 -2.438589e-03 -2.083803e-03 1.971321e-03 3.941607e-03 -7.341641e-03 3.021821e-03 4.226499e-03 -6.286132e-03 4.099048e-03 3.873180e-03 -5.230104e-03 -8.870708e-03
<VARIANCE> 39
 5.108644e+01 1.086515e+01 2.032259e+01 1.292796e+01 1.630378e+01 3.441711e+01 2.700754e+01 2.188481e+01 2.766214e+01 2.021115e+01 1.910462e+01 2.087901e+01 2.388441e+01 1.885605e+00 5.023743e-01 8.161085e-01 9.279622e-01 1.249937e+00 1.934960e+00 1.872497e+00 1.708169e+00 1.918862e+00 1.670766e+00 1.570003e+00 1.677911e+00 1.053370e+00 3.412528e-01 9.220157e-02 1.523717e-01 1.846905e-01 2.414655e-01 3.611483e-01 3.635972e-01 3.343449e-01 3.794028e-01 3.393090e-01 3.103566e-01 3.225390e-01 1.915117e-01
<GCONST> 9.808627e+01
<STATE> 4
<MEAN> 39
 -2.222641e+01 5.449227e-01 5.316812e+00 -4.116091e+00 -6.408940e+00 1.062353e+01 1.314723e+00 -5.953299e+00 3.635179e+00 4.323950e+00 -1.144817e+01 4.666337e+00 5.796022e+01 5.300787e-02 -4.895227e-03 3.984307e-03 -7.337046e-03 3.622262e-03 -1.391367e-02 -2.927170e-05 6.782686e-03 1.050050e-03 -4.669060e-03 7.903477e-03 -3.376460e-03 -4.250029e-02 2.521618e-03 7.115569e-04 -2.909316e-03 4.414722e-04 3.122499e-03 -3.617107e-03 3.527516e-04 5.169896e-03 -9.097506e-04 -1.430081e-03 5.091015e-03 -2.698625e-03 -2.235587e-03
<VARIANCE> 39
 3.961906e+01 1.037042e+01 1.690405e+01 1.606996e+01 2.940807e+01 2.991328e+01 2.940199e+01 4.856936e+01 3.872108e+01 3.208670e+01 3.084440e+01 3.177446e+01 3.658844e+01 1.318957e+00 4.735820e-01 9.955469e-01 9.295590e-01 1.383569e+00 1.832425e+00 1.731691e+00 2.459258e+00 2.480002e+00 1.998221e+00 1.855261e+00 1.732526e+00 1.334535e+00 2.459862e-01 8.834483e-02 1.915492e-01 1.825096e-01 2.681271e-01 3.532665e-01 3.411341e-01 4.592870e-01 4.827407e-01 3.863871e-01 3.708590e-01 3.436776e-01 2.529919e-01
<GCONST> 1.033372e+02
<TRANSP> 5
 0.000000e+00 1.000000e+00 0.000000e+00 0.000000e+00 0.000000e+00
 0.000000e+00 9.490610e-01 5.093902e-02 0.000000e+00 0.000000e+00
 0.000000e+00 0.000000e+00 9.921011e-01 7.898839e-03 0.000000e+00
 0.000000e+00 0.000000e+00 0.000000e+00 9.935899e-01 6.410137e-03
 0.000000e+00 0.000000e+00 0.000000e+00 0.000000e+00 0.000000e+00
<ENDHMM>
~h "cm"
<BEGINHMM>
<NUMSTATES> 5
<STATE> 2
<MEAN> 39
 -1.094394e+01 -1.234226e-02 -3.096246e+00 -5.347831e+00 -4.850293e-01 5.013308e-01 -7.378701e-02 1.335664e+00 -2.333190e-01 9.987514e-01 1.798050e+00 -7.488900e-01 5.702757e+01 -2.499327e-03 -4.331237e-02 -5.691902e-02 -7.595934e-02 -4.355901e-02 -5.867533e-02 -8.578643e-02 -5.658028e-02 -5.033319e-02 -2.854628e-02 -1.225382e-02 1.370977e-02 2.404223e-01 1.418170e-02 -5.258935e-03 -1.165783e-02 -5.512128e-03 -7.573212e-03 -1.456846e-02 -1.407659e-02 -1.770373e-02 -1.616442e-02 -7.856169e-03 -3.085956e-03 -1.655072e-03 1.335300e-02
<VARIANCE> 39
 1.740398e+01 1.595156e+01 1.334138e+01 1.638125e+01 1.644023e+01 1.827993e+01 2.095359e+01 1.928698e+01 1.896690e+01 1.760788e+01 1.883668e+01 1.608414e+01 3.026339e+01 3.766652e-01 5.308667e-01 6.227808e-01 9.506650e-01 1.132521e+00 1.379443e+00 1.459544e+00 1.533353e+00 1.551024e+00 1.475370e+00 1.456219e+00 1.287515e+00 7.066496e-01 5.105617e-02 8.357051e-02 1.075302e-01 1.665294e-01 2.065801e-01 2.528410e-01 2.745138e-01 2.915195e-01 2.983671e-01 2.851023e-01 2.777434e-01 2.494192e-01 7.720062e-02
<GCONST> 8.690715e+01
<STATE> 3
<MEAN> 39
 -1.139681e+01 -2.572570e+00 -5.384563e+00 -6.744516e+00 -1.344425e+00 -1.538400e+00 -2.898286e+00 -8.509804e-01 -2.379375e+00 1.145208e-01 1.576075e+00 -7.841279e-02 6.447420e+01 1.091169e-01 -3.794016e-03 6.419954e-03 1.314313e-02 -1.190904e-02 -3.603917e-02 -2.916513e-02 -3.434702e-02 -3.278801e-02 -4.799821e-02 -6.727554e-02 -4.468488e-02 2.256126e-01 2.752254e-03 1.200696e-02 1.526176e-02 1.696524e-02 1.295652e-02 1.739249e-02 1.842099e-02 1.633799e-02 1.154981e-02 -1.281925e-04 -6.155721e-03 -8.395321e-03 -2.217415e-02
<VARIANCE> 39
 1.575523e+01 1.273904e+01 1.161604e+01 1.426194e+01 1.617511e+01 1.723010e+01 1.746065e+01 1.876565e+01 1.876655e+01 1.891407e+01 2.185862e+01 1.778680e+01 4.164147e+01 3.757398e-01 4.879237e-01 6.044613e-01 8.514481e-01 1.078384e+00 1.239672e+00 1.387808e+00 1.488849e+00 1.477200e+00 1.415997e+00 1.410716e+00 1.304012e+00 6.010470e-01 5.432970e-02 8.460896e-02 1.149777e-01 1.647761e-01 2.125117e-01 2.482405e-01 2.802111e-01 2.995690e-01 2.995651e-01 2.872325e-01 2.835439e-01 2.641214e-01 7.066393e-02
<GCONST> 8.610628e+01
<STATE> 4
<MEAN> 39
 -5.526021e+00 -1.387924e-01 -3.894682e+00 -5.095157e+00 -1.543330e+00 -2.060554e+00 -2.866151e+00 -1.734061e+00 -2.657401e+00 -1.978158e+00 -1.316868e+00 -2.368117e+00 6.788647e+01 4.118292e-02 3.760151e-02 5.304337e-02 6.607823e-02 5.013219e-02 3.151076e-02 3.196311e-02 -6.436681e-04 4.383683e-03 -2.035485e-03 3.333142e-03 4.228715e-03 -1.990691e-01 -4.911459e-03 -1.261840e-03 -4.665871e-04 -1.286193e-03 2.174342e-04 9.464711e-04 1.264717e-03 1.587838e-03 1.424445e-03 3.627009e-03 4.631794e-03 2.723881e-03 -8.509506e-03
<VARIANCE> 39
 9.816275e+00 1.137881e+01 1.266284e+01 1.491343e+01 1.518683e+01 1.460775e+01 1.636459e+01 1.721045e+01 1.809101e+01 1.584668e+01 1.480810e+01 1.289717e+01 6.862878e+01 1.936084e-01 3.003262e-01 4.739285e-01 7.041709e-01 8.864941e-01 1.033875e+00 1.183281e+00 1.271266e+00 1.327236e+00 1.298878e+00 1.252970e+00 1.150740e+00 3.062774e-01 2.979364e-02 5.359486e-02 8.939978e-02 1.350070e-01 1.724910e-01 2.044067e-01 2.363122e-01 2.537366e-01 2.662256e-01 2.622237e-01 2.527566e-01 2.324207e-01 2.542950e-02
<GCONST> 7.773771e+01
<TRANSP> 5
 0.000000e+00 1.000000e+00 0.000000e+00 0.000000e+00 0.000000e+00
 0.000000e+00 9.559930e-01 4.400700e-02 0.000000e+00 0.000000e+00
 0.000000e+00 0.000000e+00 9.641079e-01 3.589212e-02 0.000000e+00
 0.000000e+00 0.000000e+00 0.000000e+00 9.855106e-01 1.448940e-02
 0.000000e+00 0.000000e+00 0.000000e+00 0.000000e+00 0.000000e+00
<ENDHMM>
~h "co"
<BEGINHMM>
<NUMSTATES> 5
<STATE> 2
<MEAN> 39
 -6.745554e+00 -8.060358e+00 -1.187220e+00 -3.073631e+00 -9.169537e+00 -4.044894e+00 -5.497044e+00 6.308117e-01 -1.451469e+00 -4.497027e+00 -4.039106e+00 -5.822160e+00 6.357719e+01 -5.316397e-01 -6.964521e-02 2.918327e-01 -4.384178e-01 -5.857151e-01 -8.074542e-01 -2.442730e-01 -6.268966e-01 -7.176329e-01 -6.623706e-01 -3.084344e-01 -2.304378e-01 2.286652e+00 -4.944016e-02 1.167600e-01 -1.025127e-02 5.011888e-02 2.369633e-01 1.031207e-01 1.419459e-01 4.291049e-02 1.234474e-03 5.953079e-02 1.090564e-01 8.010022e-02 -1.219627e-01
<VARIANCE> 39
 2.165136e+01 4.399813e+01 2.547068e+01 3.703412e+01 7.327599e+01 5.579618e+01 1.052361e+02 6.145238e+01 5.768812e+01 5.829558e+01 4.298108e+01 3.975708e+01 1.064372e+02 1.206655e+00 3.164293e+00 1.928015e+00 2.590467e+00 4.766263e+00 3.390887e+00 4.428553e+00 3.377532e+00 3.508802e+00 2.934181e+00 2.534281e+00 2.441372e+00 4.626771e+00 1.521057e-01 4.829811e-01 3.025931e-01 3.872246e-01 6.284539e-01 5.399392e-01 6.744860e-01 5.018334e-01 5.767943e-01 4.952876e-01 4.474250e-01 3.986956e-01 5.610395e-01
<GCONST> 1.263561e+02
<STATE> 3
<MEAN> 39
 -7.280733e+00 -7.666303e+00 -2.374869e+00 -3.972179e+00 -7.464841e+00 -8.749289e+00 -6.779836e+00 -6.566172e+00 -4.110525e+00 -3.918939e+00 -3.467032e+00 -7.958403e+00 6.856584e+01 7.030632e-02 -1.677699e-02 5.982509e-03 5.336910e-02 9.195505e-02 1.631929e-02 -6.770491e-02 -6.136357e-02 1.428688e-02 3.175120e-02 2.051249e-03 -3.834298e-02 -9.865329e-02 1.730054e-02 -3.247432e-03 3.368973e-03 8.560072e-03 -1.184063e-03 8.688878e-03 -3.445620e-03 7.249949e-03 7.472228e-03 4.659817e-03 -5.966942e-03 -2.472559e-03 -3.287106e-02
<VARIANCE> 39
 1.948551e+01 1.513661e+01 2.648079e+01 2.146095e+01 2.726102e+01 2.882746e+01 4.987312e+01 6.211740e+01 4.273903e+01 4.028645e+01 3.623951e+01 3.657149e+01 4.894374e+01 5.085576e-01 8.357488e-01 9.469425e-01 1.184544e+00 1.870556e+00 1.621781e+00 2.273845e+00 2.406468e+00 2.747324e+00 2.290495e+00 2.022775e+00 1.775880e+00 1.354268e+00 7.041805e-02 1.674658e-01 1.666925e-01 2.236691e-01 3.388269e-01 3.077248e-01 4.042876e-01 4.477621e-01 5.579876e-01 4.519230e-01 3.958125e-01 3.356965e-01 1.635548e-01
<GCONST> 1.055272e+02
<STATE> 4
<MEAN> 39
 -4.410093e+00 -4.507763e+00 2.278554e+00 4.830112e-01 -1.764272e+00 -3.211623e+00 -5.916859e+00 -3.900705e+00 -2.577607e+00 -4.182127e+00 -3.639216e+00 -7.129181e+00 5.849867e+01 6.250550e-02 1.253783e-01 3.756627e-02 4.478579e-02 1.249140e-01 9.649204e-02 7.911046e-02 8.319686e-02 2.051651e-03 8.472170e-03 7.395200e-03 3.825970e-02 -2.850405e-01 -4.117914e-03 -2.914114e-04 -6.745524e-03 -6.451123e-03 -9.245158e-03 -2.841450e-03 1.085204e-03 3.299259e-03 1.860704e-04 -1.120166e-03 -1.593728e-03 -1.443027e-03 4.401564e-03
<VARIANCE> 39
 1.516120e+01 2.864230e+01 2.073295e+01 2.459492e+01 3.271036e+01 3.340873e+01 5.700579e+01 4.789624e+01 3.292936e+01 3.703491e+01 3.222137e+01 2.941194e+01 6.788880e+01 2.977464e-01 6.242983e-01 6.850604e-01 8.540699e-01 1.329419e+00 1.289493e+00 1.766044e+00 1.669468e+00 1.657460e+00 1.740159e+00 1.616465e+00 1.525067e+00 8.072715e-01 4.273171e-02 1.034161e-01 1.241556e-01 1.609960e-01 2.466157e-01 2.449554e-01 3.236251e-01 3.084916e-01 3.269085e-01 3.435421e-01 3.204230e-01 3.023128e-01 7.263252e-02
<GCONST> 9.663245e+01
<TRANSP> 5
 0.000000e+00 1.000000e+00 0.000000e+00 0.000000e+00 0.000000e+00
 0.000000e+00 8.608984e-01 1.391016e-01 0.000000e+00 0.000000e+00
 0.000000e+00 0.000000e+00 9.827914e-01 1.720867e-02 0.000000e+00
 0.000000e+00 0.000000e+00 0.000000e+00 9.828638e-01 1.713620e-02
 0.000000e+00 0.000000e+00 0.000000e+00 0.000000e+00 0.000000e+00
<ENDHMM>
~h "ds"
<BEGINHMM>
<NUMSTATES> 5
<STATE> 2
<MEAN> 39
 -1.390750e+01 -9.247494e-01 1.414507e-01 -7.665031e-01 -8.715913e-04 -1.188351e+00 4.179989e+00 1.588001e-01 2.530487e+00 1.469272e+00 2.429945e+00 7.506338e-01 6.488154e+01 -2.134566e-01 8.092252e-02 -5.265228e-02 -7.714824e-02 -2.079371e-01 -1.223619e-01 -9.715001e-02 -3.096894e-02 3.582365e-03 1.497818e-01 1.247897e-01 1.095734e-01 9.497046e-01 6.770070e-02 2.027727e-02 1.624776e-02 4.025945e-02 3.651512e-02 1.522593e-02 8.687566e-03 1.843770e-02 1.603062e-02 -9.473166e-03 1.518309e-02 2.179955e-03 -1.350012e-01
<VARIANCE> 39
 2.459712e+01 1.700623e+01 1.649272e+01 1.992957e+01 2.524194e+01 2.161214e+01 2.936425e+01 3.290491e+01 2.504403e+01 2.237729e+01 1.960343e+01 1.621890e+01 1.129915e+02 1.997502e+00 1.113904e+00 1.376060e+00 1.696579e+00 2.186620e+00 2.159381e+00 2.406948e+00 2.257634e+00 2.049869e+00 1.950302e+00 1.941068e+00 1.561296e+00 6.761119e+00 3.275876e-01 1.860341e-01 2.218005e-01 3.122779e-01 3.836387e-01 3.898070e-01 4.303373e-01 4.256144e-01 3.870311e-01 3.694228e-01 3.641036e-01 2.923448e-01 1.088635e+00
<GCONST> 1.096342e+02
<STATE> 3
<MEAN> 39
 -1.392848e+01 2.613855e-01 -7.595397e-01 6.206204e-01 3.449432e-01 -1.713163e+00 1.752883e+00 -1.988835e+00 2.297824e+00 2.671811e+00 3.662261e+00 5.871978e-01 6.910872e+01 2.941920e-01 8.965101e-03 1.223532e-01 1.432494e-01 3.760014e-01 1.358724e-01 7.411122e-02 -6.526662e-02 -6.419082e-02 -6.367424e-02 -5.822352e-03 -1.504560e-01 -6.875914e-01 8.218130e-03 -4.222053e-03 -7.533416e-03 -2.202930e-02 -3.998062e-03 1.724281e-02 2.068880e-02 3.114768e-03 -9.758656e-03 -1.499678e-02 -3.650001e-02 -1.780734e-02 -2.236601e-02
<VARIANCE> 39
 7.896342e+00 7.972207e+00 1.124738e+01 1.543313e+01 2.528620e+01 1.765898e+01 1.907140e+01 1.702482e+01 1.648686e+01 1.480475e+01 1.422086e+01 1.565837e+01 3.419648e+01 1.493980e-01 2.795309e-01 4.651269e-01 7.317559e-01 1.017436e+00 1.156568e+00 1.279666e+00 1.374139e+00 1.410806e+00 1.459497e+00 1.406487e+00 1.262661e+00 9.466157e-02 3.098098e-02 5.752117e-02 9.687874e-02 1.497391e-01 2.125503e-01 2.413044e-01 2.612341e-01 2.786308e-01 2.880077e-01 2.977984e-01 2.901744e-01 2.597147e-01 2.381464e-02
<GCONST> 7.777605e+01
<STATE> 4
<MEAN> 39
 -9.644467e+00 7.140627e-01 1.313432e+00 -3.986722e-01 2.664121e+00 6.414823e-01 3.114863e+00 8.257251e-01 2.280034e+00 -2.311983e-01 1.606712e+00 -7.417994e-01 5.476014e+01 2.235548e-02 1.008436e-02 1.880779e-02 9.376416e-03 5.884902e-03 1.804142e-02 2.289988e-02 2.552958e-02 1.313668e-02 -6.414389e-03 -1.026465e-02 5.843834e-03 -4.722542e-02 -1.930511e-03 -4.115344e-04 -2.403076e-04 7.436242e-04 -7.931100e-04 -1.212390e-03 -2.310477e-03 -1.596481e-03 2.846267e-06 1.900389e-03 2.199269e-03 1.201356e-03 1.898931e-03
<VARIANCE> 39
 1.706541e+01 1.372422e+01 1.853005e+01 1.977708e+01 2.010919e+01 2.364257e+01 2.616789e+01 2.138471e+01 2.534517e+01 2.310094e+01 1.784070e+01 1.640191e+01 5.234566e+01 5.748795e-01 5.272537e-01 6.986651e-01 9.398963e-01 1.170431e+00 1.430980e+00 1.572796e+00 1.586193e+00 1.667271e+00 1.628773e+00 1.469787e+00 1.296154e+00 8.487378e-01 9.504931e-02 9.621415e-02 1.291054e-01 1.815690e-01 2.282258e-01 2.783211e-01 3.081577e-01 3.149242e-01 3.282535e-01 3.239536e-01 2.942800e-01 2.611791e-01 1.101983e-01
<GCONST> 9.228406e+01
<TRANSP> 5
 0.000000e+00 1.000000e+00 0.000000e+00 0.000000e+00 0.000000e+00
 0.000000e+00 9.355373e-01 6.446271e-02 0.000000e+00 0.000000e+00
 0.000000e+00 0.000000e+00 9.511055e-01 4.889446e-02 0.000000e+00
 0.000000e+00 0.000000e+00 0.000000e+00 9.930670e-01 6.932942e-03
 0.000000e+00 0.000000e+00 0.000000e+00 0.000000e+00 0.000000e+00
<ENDHMM>
~h "kj"
<BEGINHMM>
<NUMSTATES> 5
<STATE> 2
<MEAN> 39
 -1.854212e+01 4.718782e+00 -4.435668e-01 -2.839654e+00 -8.411715e-01 2.874568e+00 9.075165e-01 4.194077e+00 2.147025e+00 -2.196866e-01 1.378989e+00 -1.013062e+00 5.383317e+01 -2.642939e-02 1.362278e-02 4.644682e-03 -5.045268e-04 -3.157558e-03 -1.383631e-03 3.567148e-03 -9.249028e-03 1.870707e-03 5.286013e-03 1.219970e-04 -1.448159e-03 1.272164e-02 4.661781e-04 -3.293914e-03 -4.324890e-04 1.933639e-03 -1.802685e-03 -2.588035e-03 -5.038404e-04 -1.435638e-03 -2.653604e-03 1.405691e-03 -6.712449e-04 9.810412e-04 1.401915e-03
<VARIANCE> 39
 3.237712e+01 1.797237e+01 1.430057e+01 1.898203e+01 1.700172e+01 2.779084e+01 3.005156e+01 2.266500e+01 2.115523e+01 2.297815e+01 1.770065e+01 1.667789e+01 1.749425e+01 5.675052e-01 5.314680e-01 6.570981e-01 8.822511e-01 1.114498e+00 1.394373e+00 1.577809e+00 1.595713e+00 1.594057e+00 1.636820e+00 1.483905e+00 1.331941e+00 3.165710e-01 9.064630e-02 9.686158e-02 1.233074e-01 1.736121e-01 2.179013e-01 2.733040e-01 3.089125e-01 3.161028e-01 3.181899e-01 3.284069e-01 2.978700e-01 2.671312e-01 4.751210e-02
<GCONST> 8.961255e+01
<STATE> 3
<MEAN> 39
 -1.546730e+01 -5.472469e+00 -5.172768e+00 -1.354434e+00 -1.743952e+00 -3.277295e+00 -1.044815e+00 -1.184121e+00 -6.989513e-01 4.764337e-01 6.752803e-01 -2.910683e-01 6.092352e+01 -5.098039e-02 -3.626151e-02 -1.426555e-02 1.140716e-02 5.206423e-03 -2.098508e-02 -2.142308e-02 -2.222001e-02 -1.297107e-02 -1.149089e-03 5.685248e-03 9.315866e-03 6.190513e-02 -2.743843e-03 1.755393e-02 1.800910e-02 -1.613431e-03 4.818458e-03 2.079953e-02 1.855583e-02 1.468863e-02 8.078008e-03 1.716255e-03 1.020375e-03 -6.855467e-03 -1.700645e-02
<VARIANCE> 39
 2.203464e+01 4.391362e+01 1.641701e+01 1.955959e+01 1.793921e+01 1.879881e+01 2.485584e+01 2.401487e+01 2.034055e+01 1.839167e+01 1.631713e+01 1.453497e+01 4.668398e+01 6.979004e-01 1.654096e+00 1.052386e+00 1.060653e+00 1.257157e+00 1.511328e+00 1.722994e+00 1.748063e+00 1.658046e+00 1.579292e+00 1.451332e+00 1.340398e+00 1.433436e+00 1.089831e-01 2.685044e-01 1.944860e-01 2.006027e-01 2.431071e-01 2.880068e-01 3.349554e-01 3.375491e-01 3.325951e-01 3.202212e-01 2.954576e-01 2.712388e-01 2.002509e-01
<GCONST> 9.777328e+01
<STATE> 4
<MEAN> 39
 -2.152361e+01 3.087890e-01 7.174190e-01 -8.645198e-01 -2.509461e+00 1.292027e+00 5.154528e+00 1.215438e+00 -1.158546e+00 2.653120e+00 7.582421e-01 -2.364135e+00 5.801075e+01 3.741632e-02 -8.456246e-03 2.810376e-03 -1.545407e-03 7.268991e-03 -2.777847e-03 2.952726e-03 4.602474e-03 4.442333e-03 -5.154398e-03 -3.042922e-03 1.174680e-03 -2.532895e-02 3.484372e-03 -9.547187e-04 -2.622791e-03 -6.529172e-04 8.732002e-04 -1.605335e-03 -2.488760e-03 -7.968851e-04 -2.187267e-04 -1.014016e-03 9.606584e-05 7.934861e-04 -1.378126e-03
<VARIANCE> 39
 3.440355e+01 3.445414e+01 2.153199e+01 2.897965e+01 1.714503e+01 3.543258e+01 3.592593e+01 2.426713e+01 2.178310e+01 2.695908e+01 1.693872e+01 1.781271e+01 3.959375e+01 5.905895e-01 7.740376e-01 7.728640e-01 9.394982e-01 1.165605e+00 1.428326e+00 1.654239e+00 1.593534e+00 1.586484e+00 1.643525e+00 1.450305e+00 1.303214e+00 6.623294e-01 9.764978e-02 1.341304e-01 1.439990e-01 1.823085e-01 2.271946e-01 2.784983e-01 3.204101e-01 3.186161e-01 3.210731e-01 3.314288e-01 2.928479e-01 2.625723e-01 9.407087e-02
<GCONST> 9.550689e+01
<TRANSP> 5
 0.000000e+00 1.000000e+00 0.000000e+00 0.000000e+00 0.000000e+00
 0.000000e+00 9.880437e-01 1.195634e-02 0.000000e+00 0.000000e+00
 0.000000e+00 0.000000e+00 9.779931e-01 2.200686e-02 0.000000e+00
 0.000000e+00 0.000000e+00 0.000000e+00 9.946193e-01 5.380741e-03
 0.000000e+00 0.000000e+00 0.000000e+00 0.000000e+00 0.000000e+00
<ENDHMM>
~h "kn"
<BEGINHMM>
<NUMSTATES> 5
<STATE> 2
<MEAN> 39
 -9.046779e-01 7.551980e-01 -2.318126e+00 -3.092449e+00 1.591593e+00 -1.962106e-02 4.769141e-01 -5.174645e-01 2.898513e-01 -3.005762e-02 -6.656440e-01 -1.597866e+00 5.580111e+01 1.796494e-01 -9.334512e-03 -1.634681e-01 1.381169e-01 1.429272e-01 -2.482060e-01 2.747058e-01 -3.594299e-01 4.964862e-01 2.100183e-01 2.804451e-01 1.797720e-01 1.736788e+00 -7.349803e-02 1.131262e-01 7.571130e-02 3.169944e-02 3.545072e-02 1.260984e-01 5.020959e-02 8.091734e-02 -2.860862e-02 1.504730e-02 2.973976e-02 2.630626e-02 -2.785487e-01
<VARIANCE> 39
 3.738519e+01 3.925514e+01 3.408277e+01 1.310808e+01 2.520018e+01 3.021596e+01 3.334328e+01 4.298672e+01 2.373044e+01 2.423507e+01 2.428647e+01 1.688089e+01 1.170363e+02 2.766764e+00 1.759220e+00 1.881515e+00 1.205748e+00 1.547465e+00 2.577809e+00 2.791879e+00 3.301797e+00 2.294663e+00 2.287224e+00 2.247491e+00 1.782374e+00 6.410547e+00 4.015167e-01 2.530191e-01 2.915439e-01 1.867946e-01 2.463133e-01 4.209270e-01 4.346684e-01 5.449612e-01 3.815969e-01 3.769598e-01 3.494912e-01 2.865103e-01 9.398402e-01
<GCONST> 1.138107e+02
<STATE> 3
<MEAN> 39
 5.191963e+00 -1.475641e+00 -4.553935e+00 -3.730920e-01 3.190989e+00 -1.136667e+00 1.319956e+00 -1.759459e+00 1.551343e+00 4.265355e-01 1.305057e+00 8.855866e-02 6.062875e+01 5.262228e-02 -1.276677e-02 2.044490e-02 4.694154e-02 3.026314e-02 1.511804e-02 1.145927e-02 1.913637e-02 -1.697260e-02 1.006953e-02 5.833467e-03 1.308156e-02 -5.725659e-02 5.156504e-03 -3.331026e-03 1.975781e-04 7.725303e-04 1.715269e-03 1.366914e-03 -6.956056e-03 1.145148e-03 -1.128980e-02 -7.712708e-03 -8.907579e-03 -6.192031e-03 -1.973213e-02
<VARIANCE> 39
 1.249216e+01 2.661901e+01 1.584738e+01 1.628702e+01 2.120841e+01 2.543010e+01 2.332765e+01 2.202107e+01 2.167121e+01 2.040085e+01 1.739809e+01 1.641127e+01 3.068977e+01 4.666921e-01 9.686315e-01 9.277956e-01 1.070309e+00 1.339811e+00 1.740787e+00 1.681601e+00 1.827039e+00 1.734207e+00 1.680782e+00 1.563787e+00 1.402046e+00 1.932166e+00 8.666536e-02 1.851330e-01 1.736667e-01 2.130343e-01 2.614033e-01 3.474327e-01 3.488615e-01 3.748894e-01 3.602922e-01 3.495951e-01 3.244335e-01 2.895599e-01 3.454115e-01
<GCONST> 9.705865e+01
<STATE> 4
<MEAN> 39
 4.287030e+00 1.577696e+00 -1.174066e+00 8.127968e-01 4.820719e+00 2.002120e+00 1.999569e+00 6.483468e-02 1.356688e-01 2.102854e-01 7.095757e-01 -6.391090e-01 5.425164e+01 -1.120281e-01 1.137791e-01 1.467283e-01 2.184128e-02 2.360468e-02 1.519176e-01 -1.796926e-03 1.086765e-01 -6.541593e-02 -1.655798e-02 -2.698562e-02 -4.456339e-02 -3.712205e-01 -7.908411e-03 -1.042086e-02 -7.066302e-03 -1.323167e-02 -1.648120e-02 -1.309211e-02 -5.342838e-03 -7.074825e-03 1.959695e-03 -1.326996e-03 7.385791e-04 -3.044524e-03 1.533587e-02
<VARIANCE> 39
 1.687378e+01 1.864318e+01 1.576288e+01 1.375611e+01 2.081168e+01 2.136486e+01 2.289504e+01 2.216854e+01 2.198619e+01 1.998556e+01 1.718330e+01 1.649626e+01 4.268789e+01 2.393017e-01 4.178831e-01 5.091426e-01 6.964023e-01 9.272581e-01 1.144570e+00 1.301934e+00 1.479721e+00 1.437400e+00 1.487623e+00 1.370143e+00 1.234131e+00 5.257225e-01 3.338411e-02 7.069201e-02 9.574938e-02 1.370408e-01 1.830106e-01 2.246114e-01 2.635295e-01 2.962039e-01 2.906294e-01 3.024572e-01 2.760841e-01 2.494680e-01 7.120103e-02
<GCONST> 8.476521e+01
<TRANSP> 5
 0.000000e+00 1.000000e+00 0.000000e+00 0.000000e+00 0.000000e+00
 0.000000e+00 8.406655e-01 1.593345e-01 0.000000e+00 0.000000e+00
 0.000000e+00 0.000000e+00 9.823421e-01 1.765794e-02 0.000000e+00
 0.000000e+00 0.000000e+00 0.000000e+00 9.711182e-01 2.888185e-02
 0.000000e+00 0.000000e+00 0.000000e+00 0.000000e+00 0.000000e+00
<ENDHMM>
~h "kt"
<BEGINHMM>
<NUMSTATES> 5
<STATE> 2
<MEAN> 39
 -1.190934e+01 -1.722876e-01 -7.265825e+00 -2.554302e+00 1.324453e-01 6.724235e-01 5.442621e+00 2.329945e+00 2.159964e+00 5.594575e-01 9.784062e-01 -1.205626e+00 5.596279e+01 -1.914608e-02 4.880795e-03 -7.053698e-03 7.599150e-03 -1.003363e-03 -1.344258e-02 -5.125298e-03 -4.124905e-03 -2.457444e-03 -5.390811e-03 -1.652163e-03 -9.068286e-04 2.890705e-02 3.012048e-03 -1.662919e-04 2.593101e-03 1.102020e-03 1.581780e-03 -4.154765e-04 -8.534555e-04 -1.262162e-03 -9.152977e-04 -7.820885e-04 -8.178458e-04 -3.432785e-04 -2.968387e-03
<VARIANCE> 39
 1.776399e+01 7.914312e+00 8.608410e+00 1.168658e+01 1.349498e+01 1.884731e+01 1.785743e+01 1.638089e+01 1.762358e+01 1.540648e+01 1.514767e+01 1.384015e+01 2.316621e+01 1.206190e+00 4.988633e-01 6.812074e-01 9.484577e-01 1.231278e+00 1.563926e+00 1.649897e+00 1.583007e+00 1.681068e+00 1.594772e+00 1.505766e+00 1.314199e+00 1.407197e+00 2.298849e-01 9.672572e-02 1.352515e-01 1.883402e-01 2.495977e-01 3.169945e-01 3.359533e-01 3.216618e-01 3.404359e-01 3.282912e-01 3.066888e-01 2.662836e-01 2.526074e-01
<GCONST> 9.091400e+01
<STATE> 3
<MEAN> 39
 -1.293261e+01 1.854987e+00 -4.218952e+00 -1.073096e-01 4.312413e-01 -2.218883e+00 2.384126e+00 1.382981e+00 1.392620e+00 -1.128151e+00 -3.182064e-01 -1.515250e+00 5.463295e+01 2.157845e-02 3.790095e-03 3.774160e-03 3.281103e-03 1.826014e-02 6.668387e-03 1.674431e-02 -6.471897e-03 2.725581e-03 -4.727168e-03 -2.647173e-04 -3.049206e-03 -3.013958e-02 8.002242e-03 -3.328782e-04 7.073868e-04 -3.081927e-03 1.891396e-03 8.993816e-03 7.178630e-03 7.078302e-03 4.293835e-03 6.825728e-03 4.182843e-03 2.244822e-03 -1.476394e-02
<VARIANCE> 39
 8.979457e+00 7.903586e+00 9.910514e+00 1.331241e+01 1.501991e+01 1.559112e+01 1.856499e+01 1.803074e+01 1.940128e+01 1.840519e+01 1.701272e+01 1.448789e+01 2.197774e+01 8.414699e-01 4.802065e-01 7.433895e-01 9.993895e-01 1.332794e+00 1.421431e+00 1.629839e+00 1.631595e+00 1.753029e+00 1.716287e+00 1.579342e+00 1.385635e+00 1.549047e+00 1.703066e-01 9.505999e-02 1.502845e-01 2.011037e-01 2.690042e-01 2.895727e-01 3.325564e-01 3.324735e-01 3.553110e-01 3.507519e-01 3.212023e-01 2.837347e-01 3.017380e-01
<GCONST> 9.124936e+01
<STATE> 4
<MEAN> 39
 -1.033146e+01 2.822223e+00 -3.037962e+00 -5.113206e-01 4.498192e-01 6.639265e-02 3.080493e+00 2.992033e+00 2.257202e+00 -2.363420e-01 2.051978e-01 -1.780278e+00 4.933921e+01 1.992870e-02 -3.720074e-03 6.898581e-03 -8.219566e-03 1.209662e-03 1.060377e-02 4.394017e-03 5.558799e-03 3.447622e-04 4.689411e-03 2.552997e-03 1.950186e-04 -2.397606e-02 -1.552602e-03 -5.887217e-04 -7.175818e-04 -6.223995e-05 -1.098519e-03 -1.931905e-03 -2.530237e-03 -1.422310e-03 -8.227702e-04 -4.781458e-04 -2.968785e-04 2.133748e-04 2.374452e-03
<VARIANCE> 39
 1.145006e+01 9.766144e+00 1.244280e+01 1.282954e+01 1.683852e+01 1.719930e+01 1.991354e+01 1.767675e+01 1.766852e+01 1.736102e+01 1.496284e+01 1.310015e+01 1.429361e+01 7.429091e-01 5.035961e-01 6.961294e-01 8.702598e-01 1.130028e+00 1.301491e+00 1.445951e+00 1.504296e+00 1.538769e+00 1.531807e+00 1.399092e+00 1.246065e+00 7.967276e-01 1.426120e-01 9.686695e-02 1.378570e-01 1.745421e-01 2.251926e-01 2.601957e-01 2.925077e-01 3.043948e-01 3.142217e-01 3.126465e-01 2.847117e-01 2.539811e-01 1.465812e-01
<GCONST> 8.739547e+01
<TRANSP> 5
 0.000000e+00 1.000000e+00 0.000000e+00 0.000000e+00 0.000000e+00
 0.000000e+00 9.908043e-01 9.195727e-03 0.000000e+00 0.000000e+00
 0.000000e+00 0.000000e+00 9.848126e-01 1.518745e-02 0.000000e+00
 0.000000e+00 0.000000e+00 0.000000e+00 9.935585e-01 6.441477e-03
 0.000000e+00 0.000000e+00 0.000000e+00 0.000000e+00 0.000000e+00
<ENDHMM>
~h "pr"
<BEGINHMM>
<NUMSTATES> 5
<STATE> 2
<MEAN> 39
 -1.526135e+01 -7.598605e+00 -2.143774e+00 -7.722719e+00 2.352490e+00 6.349814e+00 4.452191e+00 -1.047587e+00 -1.240378e+00 -1.932744e+00 5.870369e+00 6.558100e-01 5.927523e+01 -7.673386e-02 -2.860719e-02 2.288301e-02 -1.619075e-02 2.680400e-02 1.822582e-02 -2.849174e-03 -3.469421e-02 -4.730928e-04 -4.510758e-03 -2.033573e-02 5.700045e-02 7.082362e-02 1.900099e-02 4.169738e-03 -1.194350e-03 6.141859e-03 -6.951771e-03 -2.044221e-03 -2.515707e-03 6.785472e-03 3.204317e-03 3.150271e-03 -5.695248e-03 -4.726416e-03 -1.664902e-02
<VARIANCE> 39
 3.385709e+01 4.168817e+01 5.377114e+01 2.712317e+01 5.250614e+01 6.926264e+01 5.418172e+01 5.470535e+01 5.777970e+01 3.174819e+01 5.324606e+01 4.850311e+01 2.357649e+01 9.462184e-01 8.683902e-01 1.122753e+00 1.341331e+00 1.593574e+00 1.940373e+00 2.098136e+00 2.387287e+00 2.178160e+00 1.994243e+00 2.207252e+00 2.031423e+00 7.508435e-01 1.330352e-01 1.384816e-01 1.824098e-01 2.315298e-01 2.795668e-01 3.385854e-01 3.832612e-01 4.147293e-01 4.127747e-01 3.692189e-01 3.983383e-01 3.598443e-01 1.017568e-01
<GCONST> 1.091106e+02
<STATE> 3
<MEAN> 39
 -2.073642e+01 3.442741e+00 1.688348e+01 -1.597540e+01 1.775263e+00 1.426544e+01 -5.354654e+00 -3.905452e+00 1.365573e+01 -5.499790e+00 -7.962546e+00 9.050624e+00 5.414993e+01 5.785067e-02 -4.829455e-02 1.223856e-02 -3.726013e-02 3.572068e-02 -2.446350e-02 -1.411327e-02 4.918579e-02 -1.791526e-02 5.186079e-02 -4.903077e-02 1.917109e-02 -5.271803e-02 2.813266e-03 1.918416e-03 -6.306943e-03 1.125377e-03 8.829347e-03 -8.797507e-03 1.849536e-03 1.390702e-02 -1.095376e-02 2.453101e-03 1.049777e-02 -6.281792e-03 -3.202229e-03
<VARIANCE> 39
 1.268196e+01 1.915400e+01 1.649492e+01 2.784073e+01 2.201196e+01 2.280033e+01 1.665443e+01 2.567847e+01 2.882312e+01 3.127747e+01 3.184384e+01 1.886577e+01 1.066363e+01 6.618534e-01 4.995323e-01 5.602844e-01 8.382486e-01 1.281645e+00 1.311723e+00 1.159707e+00 1.446488e+00 1.649499e+00 1.645567e+00 1.873570e+00 1.085156e+00 2.651801e-01 1.638496e-01 1.005996e-01 1.110374e-01 1.705884e-01 2.663149e-01 2.707469e-01 2.358628e-01 2.993465e-01 3.418422e-01 3.138057e-01 3.551906e-01 2.163757e-01 6.454393e-02
<GCONST> 8.980954e+01
<STATE> 4
<MEAN> 39
 -1.416012e+01 -5.871062e+00 3.926525e+00 -7.246299e+00 3.732188e+00 8.131530e-01 2.768601e+00 5.233262e+00 3.075666e+00 -1.590660e+00 -2.568404e+00 3.021160e+00 5.442525e+01 3.557643e-02 2.462887e-02 -2.332390e-02 2.272570e-02 -1.955149e-02 -8.196200e-03 1.415454e-02 3.761230e-03 -1.327826e-04 -1.623523e-03 1.329924e-02 -1.808735e-02 -3.265729e-02 -6.087338e-04 5.535982e-04 5.068333e-04 -1.828169e-04 -9.018664e-04 1.347136e-03 -6.610290e-04 -1.227225e-03 4.097796e-04 -1.146445e-04 1.076991e-04 -7.170985e-04 2.303376e-04
<VARIANCE> 39
 3.655337e+01 5.684006e+01 5.986288e+01 5.903817e+01 7.390884e+01 9.989085e+01 7.075872e+01 5.889930e+01 5.717790e+01 4.601744e+01 6.398800e+01 6.654524e+01 4.544749e+01 3.315931e-01 4.132064e-01 6.523156e-01 9.490520e-01 1.152820e+00 1.443999e+00 1.500088e+00 1.647987e+00 1.759488e+00 1.714160e+00 1.592418e+00 1.362562e+00 1.773826e-01 5.896298e-02 7.238680e-02 1.179289e-01 1.720090e-01 2.206051e-01 2.735157e-01 2.935012e-01 3.107542e-01 3.341537e-01 3.311245e-01 3.066036e-01 2.603511e-01 2.824297e-02
<GCONST> 1.010204e+02
<TRANSP> 5
 0.000000e+00 1.000000e+00 0.000000e+00 0.000000e+00 0.000000e+00
 0.000000e+00 9.842883e-01 1.571176e-02 0.000000e+00 0.000000e+00
 0.000000e+00 0.000000e+00 9.819704e-01 1.802964e-02 0.000000e+00
 0.000000e+00 0.000000e+00 0.000000e+00 9.960144e-01 3.985575e-03
 0.000000e+00 0.000000e+00 0.000000e+00 0.000000e+00 0.000000e+00
<ENDHMM>
~h "pw"
<BEGINHMM>
<NUMSTATES> 5
<STATE> 2
<MEAN> 39
 -1.302391e+01 -2.564333e+00 -1.270010e+00 -1.375005e+00 1.499261e+00 -7.744529e-01 2.545547e+00 9.414623e-01 8.666095e-01 9.051341e-01 5.699617e-01 -5.971918e-01 5.389635e+01 -4.581956e-03 -5.337982e-03 1.669716e-03 -4.081135e-04 -4.592910e-04 -5.511779e-03 -8.037239e-04 -2.617642e-03 -2.611863e-03 1.015061e-03 -9.941311e-04 1.280724e-03 7.241387e-03 -5.766335e-04 -2.114648e-03 -9.285796e-04 -8.948478e-04 -1.933490e-03 -2.433054e-03 -2.517989e-03 -1.595839e-03 -1.288122e-03 -2.437055e-04 2.509715e-04 2.046346e-04 3.853345e-03
<VARIANCE> 39
 1.744333e+01 2.651492e+01 1.271002e+01 1.299184e+01 1.530702e+01 1.898302e+01 2.064338e+01 2.184730e+01 1.837635e+01 1.592875e+01 1.469901e+01 1.326458e+01 3.205177e+01 5.519686e-01 8.431137e-01 6.910530e-01 8.702295e-01 1.111267e+00 1.317865e+00 1.464312e+00 1.563780e+00 1.536735e+00 1.463124e+00 1.373023e+00 1.228211e+00 8.500563e-01 9.080230e-02 1.400352e-01 1.312048e-01 1.699423e-01 2.197794e-01 2.615719e-01 2.936798e-01 3.115264e-01 3.124756e-01 2.989670e-01 2.806874e-01 2.507496e-01 1.254928e-01
<GCONST> 8.971434e+01
<STATE> 3
<MEAN> 39
 -1.134293e+01 -7.231408e+00 -3.999493e+00 -3.282213e+00 -4.199159e-01 -5.239969e+00 -1.401095e+00 -3.824725e+00 -2.295079e+00 -1.174293e+00 -2.842001e-01 -4.528510e-01 6.203550e+01 4.715636e-03 -5.755314e-02 -1.904255e-02 9.072185e-03 -5.307299e-03 -4.844617e-02 -5.037899e-02 -5.867569e-02 -3.189435e-02 -1.828459e-02 1.802038e-03 1.157977e-02 7.389122e-02 7.773747e-03 1.192522e-02 4.000955e-03 4.461641e-03 1.184515e-02 1.663546e-02 1.703059e-02 1.493630e-02 1.023210e-02 5.501931e-03 9.703633e-04 -1.183967e-03 -2.516675e-02
<VARIANCE> 39
 2.290439e+01 2.766042e+01 1.373384e+01 1.391377e+01 1.789533e+01 2.477502e+01 2.420363e+01 2.830869e+01 2.027601e+01 1.738233e+01 1.596352e+01 1.395025e+01 7.966173e+01 6.335034e-01 1.130289e+00 7.666944e-01 9.378132e-01 1.287691e+00 1.641204e+00 1.736639e+00 1.802662e+00 1.621612e+00 1.540873e+00 1.427544e+00 1.301145e+00 3.869442e+00 1.047846e-01 1.746300e-01 1.417377e-01 1.797661e-01 2.494800e-01 3.065758e-01 3.350793e-01 3.421121e-01 3.289594e-01 3.142606e-01 2.924656e-01 2.670722e-01 5.282660e-01
<GCONST> 9.790288e+01
<STATE> 4
<MEAN> 39
 -1.239307e+01 -3.587626e+00 -2.834990e+00 -2.641611e+00 6.442729e-01 -7.953838e-01 2.755658e+00 6.547121e-01 3.826728e-01 5.575058e-01 3.658127e-01 -8.893582e-01 5.493886e+01 9.965362e-03 1.111985e-02 5.000328e-03 -9.503848e-04 3.735010e-03 1.516533e-02 1.298782e-02 1.656217e-02 1.062090e-02 4.078340e-03 5.865199e-04 -3.181534e-03 -2.680489e-02 5.441377e-04 -1.000641e-03 -7.778071e-04 -6.579771e-04 -1.345407e-03 -1.742143e-03 -2.088130e-03 -1.984850e-03 -1.405926e-03 -1.061393e-03 -5.865990e-04 2.355239e-05 1.154120e-03
<VARIANCE> 39
 1.732012e+01 2.219060e+01 1.254591e+01 1.274078e+01 1.402979e+01 2.082240e+01 2.146029e+01 2.117146e+01 1.813321e+01 1.584318e+01 1.432241e+01 1.317916e+01 3.317677e+01 5.366723e-01 7.488863e-01 6.587015e-01 8.479124e-01 1.072941e+00 1.326389e+00 1.477993e+00 1.554227e+00 1.524700e+00 1.466025e+00 1.381650e+00 1.243964e+00 7.993852e-01 8.743610e-02 1.263970e-01 1.250072e-01 1.660949e-01 2.140435e-01 2.625510e-01 2.946232e-01 3.096604e-01 3.106819e-01 2.997229e-01 2.828744e-01 2.545615e-01 1.135307e-01
<GCONST> 8.888087e+01
<TRANSP> 5
 0.000000e+00 1.000000e+00 0.000000e+00 0.000000e+00 0.000000e+00
 0.000000e+00 9.953151e-01 4.684906e-03 0.000000e+00 0.000000e+00
 0.000000e+00 0.000000e+00 9.882953e-01 1.170470e-02 0.000000e+00
 0.000000e+00 0.000000e+00 0.000000e+00 9.967656e-01 3.234393e-03
 0.000000e+00 0.000000e+00 0.000000e+00 0.000000e+00 0.000000e+00
<ENDHMM>
~h "si"
<BEGINHMM>
<NUMSTATES> 5
<STATE> 2
<MEAN> 39
 -8.580567e+00 2.395784e+00 1.909840e+00 -1.955472e+00 2.844252e+00 2.223114e+00 1.790365e+00 3.703095e+00 8.139503e-01 2.451543e-02 1.504040e-01 -1.449331e+00 4.774888e+01 -1.907181e-03 -1.989236e-03 -1.420659e-02 -1.499214e-02 -1.192442e-02 6.355722e-03 1.359368e-02 2.332773e-02 6.743888e-03 1.139990e-02 4.688731e-03 -6.224537e-03 -3.743624e-02 1.313030e-03 -1.914910e-03 -4.200662e-03 -3.515759e-03 -3.176006e-03 4.709158e-04 2.167730e-03 1.927413e-03 1.905357e-03 2.337168e-03 5.997639e-04 -8.239318e-04 -1.480746e-04
<VARIANCE> 39
 2.570978e+01 1.152748e+01 1.458346e+01 1.639618e+01 1.943843e+01 1.942636e+01 2.719707e+01 2.336594e+01 1.957929e+01 1.756215e+01 1.642753e+01 1.516831e+01 2.462129e+01 2.148398e-01 3.383075e-01 4.863678e-01 6.987419e-01 9.194655e-01 1.118651e+00 1.268113e+00 1.350354e+00 1.372600e+00 1.371871e+00 1.284643e+00 1.122550e+00 1.367449e-01 3.486490e-02 6.106224e-02 9.215886e-02 1.359238e-01 1.790430e-01 2.191586e-01 2.505477e-01 2.669762e-01 2.743823e-01 2.751948e-01 2.573886e-01 2.257090e-01 1.912512e-02
<GCONST> 7.980971e+01
<STATE> 3
<MEAN> 39
 -4.782468e+00 -8.019598e-01 -2.312018e+00 -3.164585e+00 1.329181e-01 2.770985e+00 3.688266e+00 3.854240e+00 1.265272e+00 1.103681e+00 1.692216e-01 -2.065780e+00 4.653575e+01 -9.577688e-04 2.447521e-03 -7.924438e-03 -5.519612e-03 -4.802376e-03 3.902542e-03 2.137505e-03 6.420153e-03 1.597551e-03 3.554775e-03 1.741541e-03 -7.701466e-04 -1.056288e-02 -2.308976e-03 6.998871e-04 1.849244e-03 1.461690e-03 9.429676e-04 -2.229211e-03 -2.293687e-03 -2.615634e-03 -1.301591e-03 -1.649992e-03 -1.869420e-04 1.201421e-03 2.223744e-03
<VARIANCE> 39
 5.420273e+00 1.322307e+01 1.164842e+01 1.069365e+01 1.579738e+01 1.607355e+01 1.765841e+01 1.895740e+01 1.702167e+01 1.639652e+01 1.473032e+01 1.314395e+01 1.299052e+01 1.410781e-01 2.772799e-01 4.595544e-01 6.680073e-01 9.011909e-01 1.102481e+00 1.253942e+00 1.359348e+00 1.383034e+00 1.387498e+00 1.298588e+00 1.147448e+00 5.474278e-02 2.578067e-02 5.362979e-02 9.147342e-02 1.347817e-01 1.823696e-01 2.238837e-01 2.549423e-01 2.774538e-01 2.836460e-01 2.853269e-01 2.661186e-01 2.346916e-01 8.928313e-03
<GCONST> 7.300367e+01
<STATE> 4
<MEAN> 39
 -8.690573e+00 -4.791579e-01 -1.144910e+00 -2.470664e+00 9.464300e-02 2.574811e-01 2.798478e+00 2.337916e+00 1.444515e+00 6.497551e-01 4.310891e-01 -1.124402e+00 4.939352e+01 -1.303685e-02 -2.935312e-03 3.547861e-04 -2.226242e-03 -2.554545e-03 -7.856236e-03 -4.425876e-03 -8.508493e-03 2.621395e-04 4.777093e-04 3.460435e-03 4.416355e-03 2.328123e-02 1.214652e-03 -7.272203e-05 1.994526e-04 6.526624e-05 1.862591e-04 1.498926e-03 7.271311e-04 5.790633e-04 2.043169e-04 3.293777e-04 -1.066446e-04 -6.710471e-04 5.173071e-05
<VARIANCE> 39
 1.854472e+01 1.794938e+01 1.364907e+01 1.430097e+01 1.763391e+01 1.960351e+01 2.028552e+01 2.248390e+01 1.954110e+01 1.732523e+01 1.601695e+01 1.408062e+01 3.620417e+01 4.211006e-01 5.597426e-01 6.058379e-01 8.270826e-01 1.050264e+00 1.264605e+00 1.401631e+00 1.526167e+00 1.492166e+00 1.466637e+00 1.372532e+00 1.210362e+00 5.268568e-01 6.682932e-02 9.691279e-02 1.142617e-01 1.597308e-01 2.054157e-01 2.479989e-01 2.786081e-01 3.043351e-01 3.000113e-01 2.965144e-01 2.771978e-01 2.446905e-01 7.652570e-02
<GCONST> 8.694927e+01
<TRANSP> 5
 0.000000e+00 1.000000e+00 0.000000e+00 0.000000e+00 0.000000e+00
 0.000000e+00 9.804015e-01 1.959852e-02 0.000000e+00 0.000000e+00
 0.000000e+00 0.000000e+00 9.913170e-01 8.683059e-03 0.000000e+00
 0.000000e+00 0.000000e+00 0.000000e+00 9.909346e-01 9.065446e-03
 0.000000e+00 0.000000e+00 0.000000e+00 0.000000e+00 0.000000e+00
<ENDHMM>
~h "st"
<BEGINHMM>
<NUMSTATES> 5
<STATE> 2
<MEAN> 39
 -9.052777e+00 -3.566969e+00 -2.139854e+00 -7.023110e+00 -2.302168e+00 -3.031402e+00 1.398350e+00 1.173235e+00 1.188917e+00 1.877643e-01 8.331217e-01 -1.849823e+00 5.858883e+01 -3.073645e-01 -6.518815e-01 1.586657e-01 -6.882796e-01 -3.747928e-01 -8.147703e-01 -4.455184e-01 -1.476032e-01 2.311804e-02 -8.397984e-02 6.725237e-02 3.370097e-02 1.568042e+00 7.367278e-02 1.039444e-01 4.386070e-02 9.685476e-02 7.693237e-02 1.407886e-01 9.588759e-02 5.793505e-02 4.479571e-02 3.387224e-02 1.569309e-02 3.046339e-02 -2.432325e-01
<VARIANCE> 39
 2.431452e+01 3.168183e+01 1.878708e+01 3.264234e+01 2.669234e+01 3.872404e+01 2.849125e+01 2.413914e+01 2.242355e+01 1.991999e+01 1.784774e+01 1.495760e+01 9.127626e+01 1.316162e+00 1.773490e+00 1.327040e+00 2.225040e+00 2.257154e+00 3.049408e+00 2.377003e+00 2.363826e+00 2.214888e+00 2.031890e+00 1.860464e+00 1.591718e+00 4.808978e+00 1.924610e-01 2.958862e-01 2.175787e-01 4.030035e-01 3.799758e-01 5.463280e-01 4.166223e-01 3.984314e-01 3.704792e-01 3.473244e-01 3.095345e-01 2.758894e-01 8.902382e-01
<GCONST> 1.108710e+02
<STATE> 3
<MEAN> 39
 -8.365559e+00 -3.219072e+00 -1.952092e+00 -6.369069e+00 -1.740241e+00 -1.581090e+00 2.460917e+00 4.105673e-01 2.189460e-01 -4.050604e-01 6.131570e-01 -1.844487e+00 5.645813e+01 2.533612e-03 1.872702e-02 3.122942e-03 2.017408e-02 7.423005e-03 1.852362e-02 1.091613e-02 7.711222e-04 -3.283603e-03 1.295227e-03 -5.000635e-04 1.762837e-03 -4.526082e-02 2.553992e-04 2.115403e-03 -2.075837e-03 3.232239e-03 1.427948e-03 2.105593e-03 7.939251e-04 3.226752e-04 -3.908045e-05 7.311718e-04 -3.508015e-04 -9.874463e-04 -2.544421e-03
<VARIANCE> 39
 1.666181e+01 2.100917e+01 1.629239e+01 2.388137e+01 2.033374e+01 2.631994e+01 2.036651e+01 1.970822e+01 1.977148e+01 1.866434e+01 1.605985e+01 1.445567e+01 4.548226e+01 5.689395e-01 7.197112e-01 6.924514e-01 1.238417e+00 1.324596e+00 1.590242e+00 1.538162e+00 1.557150e+00 1.590815e+00 1.555189e+00 1.453520e+00 1.312644e+00 1.638484e+00 9.004312e-02 1.212221e-01 1.311202e-01 2.267183e-01 2.558751e-01 3.063890e-01 3.095113e-01 3.170614e-01 3.244953e-01 3.184486e-01 2.981589e-01 2.699163e-01 2.313322e-01
<GCONST> 9.441560e+01
<STATE> 4
<MEAN> 39
 -9.862718e+00 -2.638665e-01 -9.702030e-01 -3.568180e+00 -2.869273e-01 -7.309994e-01 2.459531e+00 1.692738e+00 1.869510e+00 4.983674e-01 6.527848e-01 -1.518596e+00 5.214129e+01 4.310701e-03 1.434002e-02 -6.030730e-03 1.604179e-02 1.802353e-02 2.803056e-02 1.494833e-02 3.234152e-03 -3.398139e-04 1.314804e-04 -2.718634e-03 -6.105972e-04 -4.011042e-02 -5.456997e-05 -2.370241e-03 -8.609098e-04 -3.750842e-03 -3.245241e-03 -2.958249e-03 -2.258108e-03 -1.399586e-03 -1.392154e-03 -1.169612e-03 -6.821004e-04 -3.315039e-04 2.790783e-03
<VARIANCE> 39
 1.781141e+01 1.175491e+01 1.233902e+01 1.691157e+01 1.707646e+01 2.125186e+01 2.115895e+01 1.942898e+01 1.756706e+01 1.604965e+01 1.455583e+01 1.322234e+01 2.483253e+01 3.534877e-01 4.938012e-01 6.037396e-01 9.721682e-01 1.136721e+00 1.371807e+00 1.397369e+00 1.487586e+00 1.481264e+00 1.451088e+00 1.360520e+00 1.212636e+00 5.653749e-01 5.659762e-02 8.684244e-02 1.152584e-01 1.789257e-01 2.191225e-01 2.646556e-01 2.771410e-01 2.973884e-01 2.989022e-01 2.944412e-01 2.766387e-01 2.465043e-01 7.330004e-02
<GCONST> 8.571296e+01
<TRANSP> 5
 0.000000e+00 1.000000e+00 0.000000e+00 0.000000e+00 0.000000e+00
 0.000000e+00 8.215363e-01 1.784637e-01 0.000000e+00 0.000000e+00
 0.000000e+00 0.000000e+00 9.920763e-01 7.923722e-03 0.000000e+00
 0.000000e+00 0.000000e+00 0.000000e+00 9.907655e-01 9.234500e-03
 0.000000e+00 0.000000e+00 0.000000e+00 0.000000e+00 0.000000e+00
<ENDHMM>
~h "spe"
<BEGINHMM>
<NUMSTATES> 5
<STATE> 2
<MEAN> 39
 -2.365988e+00 -1.338152e+00 -7.086838e-01 -9.185561e+00 -2.109455e+00 5.999147e-01 -9.647400e-01 -1.051410e+00 -3.436770e+00 8.584447e-01 4.697877e-01 -4.303907e+00 5.577699e+01 6.483336e-02 -3.741607e-01 2.926379e-01 -3.387637e-01 -3.343139e-01 -3.171798e-01 -4.471989e-01 -1.005075e-01 -1.707038e-02 1.478633e-01 4.325895e-02 -7.789856e-02 5.664598e-01 3.464466e-03 -4.171974e-02 9.604014e-03 2.863968e-02 -4.959590e-02 -3.622902e-02 3.304414e-03 2.117394e-02 4.374614e-02 5.084898e-03 -2.553281e-02 1.575507e-02 9.415308e-03
<VARIANCE> 39
 3.609233e+01 4.096206e+01 4.122274e+01 4.606545e+01 3.703498e+01 4.144108e+01 3.798220e+01 4.503034e+01 3.418877e+01 3.156891e+01 3.156068e+01 2.868875e+01 1.348163e+01 9.838659e-01 1.424655e+00 1.580195e+00 2.017604e+00 2.605616e+00 2.215348e+00 2.232150e+00 2.581920e+00 2.396721e+00 2.394987e+00 2.166272e+00 2.037160e+00 6.626261e-01 1.156312e-01 1.684071e-01 2.026002e-01 2.643984e-01 3.484633e-01 3.497488e-01 3.566145e-01 4.118097e-01 3.868487e-01 3.901237e-01 3.451564e-01 3.327320e-01 6.290675e-02
<GCONST> 1.078117e+02
<STATE> 3
<MEAN> 39
 -2.472636e+00 -5.121041e+00 1.833972e+00 -1.254757e+01 -3.772526e+00 -4.556389e+00 -5.104291e+00 -1.758076e+00 -2.433973e+00 -2.489281e+00 -4.426417e+00 -3.407690e+00 6.149203e+01 5.558283e-04 2.637758e-02 -6.351372e-02 5.526986e-02 4.246403e-02 3.679252e-03 2.086265e-02 -8.674616e-03 4.292678e-03 -4.004035e-02 -5.806769e-02 -3.383646e-02 -1.861854e-02 -4.110728e-03 1.848818e-02 -9.237667e-03 1.442563e-02 1.473116e-02 1.304779e-02 1.534256e-02 -1.849233e-03 -3.784417e-03 2.177198e-03 6.495726e-03 2.596162e-03 -1.837683e-02
<VARIANCE> 39
 2.181927e+01 3.738888e+01 7.179306e+01 6.553669e+01 6.476742e+01 6.254423e+01 4.208414e+01 5.644686e+01 3.989921e+01 3.661673e+01 5.867158e+01 3.893046e+01 2.344392e+01 5.463125e-01 9.859120e-01 1.256833e+00 1.522438e+00 1.821403e+00 1.918500e+00 2.024480e+00 2.228544e+00 2.088452e+00 2.022293e+00 2.028737e+00 1.746569e+00 4.072326e-01 7.517345e-02 1.325767e-01 1.865003e-01 2.423963e-01 3.053568e-01 3.431094e-01 3.694097e-01 4.049006e-01 3.947104e-01 3.879520e-01 3.814729e-01 3.281814e-01 4.554836e-02
<GCONST> 1.067836e+02
<STATE> 4
<MEAN> 39
 -1.824026e+00 -3.391085e+00 -1.188246e+00 -5.770326e+00 -3.133410e+00 -6.430315e-01 -7.023944e-01 4.295633e-01 -1.498723e+00 -7.114540e-02 -8.075773e-01 -4.134809e+00 5.354520e+01 -3.168841e-03 6.695651e-03 -4.514129e-03 1.167982e-02 8.440507e-03 7.217464e-03 1.637102e-02 9.114070e-03 6.543962e-03 8.700027e-03 9.754802e-03 8.729463e-03 -2.262177e-02 5.083414e-05 -9.864076e-04 4.500589e-04 -1.342254e-03 -5.127096e-04 -6.695281e-04 -9.523902e-04 7.224263e-05 -3.408589e-04 -6.823734e-05 -2.624941e-04 -3.204677e-04 5.776235e-04
<VARIANCE> 39
 1.643509e+01 3.156145e+01 3.428622e+01 2.795438e+01 4.458459e+01 4.040851e+01 4.013199e+01 3.347671e+01 2.966067e+01 2.895973e+01 2.887946e+01 2.525227e+01 1.791953e+01 3.922380e-01 7.088546e-01 8.898403e-01 1.027703e+00 1.435005e+00 1.603419e+00 1.692743e+00 1.746604e+00 1.763668e+00 1.731951e+00 1.691455e+00 1.496175e+00 2.342326e-01 5.414661e-02 1.009655e-01 1.345974e-01 1.741577e-01 2.415605e-01 2.855599e-01 3.093001e-01 3.286768e-01 3.420847e-01 3.375695e-01 3.222042e-01 2.833887e-01 2.556570e-02
<GCONST> 9.472758e+01
<TRANSP> 5
 0.000000e+00 1.000000e+00 0.000000e+00 0.000000e+00 0.000000e+00
 0.000000e+00 9.123427e-01 8.765741e-02 0.000000e+00 0.000000e+00
 0.000000e+00 0.000000e+00 9.843114e-01 1.568856e-02 0.000000e+00
 0.000000e+00 0.000000e+00 0.000000e+00 9.968013e-01 3.198680e-03
 0.000000e+00 0.000000e+00 0.000000e+00 0.000000e+00 0.000000e+00
<ENDHMM>
