~o
<STREAMINFO> 1 39
<VECSIZE> 39<NULLD><MFCC_D_A_0><DIAGC>
~h "ap"
<BEGINHMM>
<NUMSTATES> 5
<STATE> 2
<MEAN> 39
 -1.539996e+01 -8.177339e+00 -5.412429e+00 -2.332396e+00 -1.798637e+00 -4.423884e+00 7.204418e-01 -2.899888e-01 -8.912475e-01 -3.618420e-01 -1.186248e-01 -1.667584e+00 6.578476e+01 -1.177420e+00 -1.685117e+00 -8.141342e-01 -1.002144e-01 -7.937332e-01 -1.057709e+00 -2.726820e-01 -5.803367e-01 -1.562969e-01 -1.089050e-01 -6.314836e-02 4.950350e-02 3.194039e+00 2.225550e-01 1.677918e-01 1.015811e-01 -7.003921e-03 1.619132e-01 2.446252e-01 1.823242e-01 9.510542e-02 1.089418e-01 4.748245e-02 4.578077e-02 2.659014e-02 -5.208212e-01
<VARIANCE> 39
 4.683053e+01 6.589028e+01 4.646622e+01 2.679895e+01 3.368294e+01 5.512408e+01 3.648329e+01 3.771068e+01 2.937382e+01 2.392347e+01 1.983449e+01 1.660807e+01 2.398581e+02 4.333014e+00 4.350661e+00 2.173387e+00 2.181767e+00 3.161430e+00 4.665681e+00 3.363527e+00 3.722768e+00 2.896949e+00 2.456712e+00 2.016101e+00 1.738120e+00 1.706022e+01 7.117143e-01 7.202749e-01 3.421057e-01 3.456677e-01 5.105032e-01 7.679003e-01 5.359560e-01 6.232143e-01 4.534398e-01 3.894872e-01 3.166767e-01 2.842871e-01 3.194186e+00
<GCONST> 1.273732e+02
<STATE> 3
<MEAN> 39
 -1.496383e+01 -1.564223e+01 -1.011487e+01 -1.870307e+00 -1.067763e+00 -7.766991e+00 1.232193e-01 -2.278939e+00 -2.011414e+00 -2.144030e+00 2.977457e-01 -3.711581e-01 7.114955e+01 1.650936e-01 1.997142e-02 7.910973e-02 8.499166e-02 1.317589e-01 3.083607e-02 7.786252e-02 -7.196710e-03 -1.809205e-02 -6.706989e-03 1.357893e-02 2.924967e-02 -4.004706e-01 6.497525e-03 2.858676e-02 2.038691e-02 1.487759e-02 1.945421e-02 6.085895e-03 -9.341974e-03 5.956354e-03 -7.659021e-03 1.082802e-05 2.928130e-03 -2.406740e-03 -3.301173e-02
<VARIANCE> 39
 1.831643e+01 3.275265e+01 3.467766e+01 2.385495e+01 2.774325e+01 3.218500e+01 2.909727e+01 2.405235e+01 2.317115e+01 2.435574e+01 1.895769e+01 1.555634e+01 7.279522e+01 6.599109e-01 7.458985e-01 7.554628e-01 1.037932e+00 1.219132e+00 1.337156e+00 1.635921e+00 1.530045e+00 1.530012e+00 1.490593e+00 1.398592e+00 1.249191e+00 3.524352e+00 1.153110e-01 1.462758e-01 1.423556e-01 2.079439e-01 2.381143e-01 2.675866e-01 3.343691e-01 3.186630e-01 3.199006e-01 3.104531e-01 2.904393e-01 2.615336e-01 5.677409e-01
<GCONST> 9.949586e+01
<STATE> 4
<MEAN> 39
 -1.085484e+01 -1.181867e+01 -6.469165e+00 9.565984e-02 1.988332e-01 -5.250839e+00 2.233020e+00 -1.051930e+00 -2.194229e+00 -6.540787e-01 7.288827e-01 -7.680605e-01 6.183384e+01 2.641833e-02 2.138269e-02 1.669713e-02 1.493054e-02 1.418221e-02 1.462888e-02 8.144504e-03 1.477410e-02 3.133899e-03 1.577999e-03 3.827066e-03 -8.487270e-04 -5.995025e-02 -1.235626e-03 6.323704e-05 -1.126955e-03 -1.496921e-03 -2.014938e-03 -7.555377e-04 -1.241680e-03 -2.358488e-04 -1.878442e-04 -4.481295e-04 -9.335062e-04 -4.673284e-04 2.256579e-03
<VARIANCE> 39
 2.292846e+01 5.593352e+01 3.174766e+01 2.477193e+01 3.406220e+01 3.874531e+01 2.964730e+01 2.940537e+01 2.526488e+01 2.138055e+01 1.683185e+01 1.497281e+01 1.247399e+02 8.669659e-01 1.217880e+00 9.315224e-01 9.980377e-01 1.429531e+00 1.696620e+00 1.633287e+00 1.691526e+00 1.591941e+00 1.460379e+00 1.356637e+00 1.225941e+00 5.190593e+00 1.365716e-01 1.898139e-01 1.595070e-01 1.866650e-01 2.639604e-01 3.210344e-01 3.240442e-01 3.313278e-01 3.233555e-01 2.988282e-01 2.752875e-01 2.501110e-01 7.738345e-01
<GCONST> 1.038521e+02
<TRANSP> 5
 0.000000e+00 1.000000e+00 0.000000e+00 0.000000e+00 0.000000e+00
 0.000000e+00 8.114254e-01 1.885746e-01 0.000000e+00 0.000000e+00
 0.000000e+00 0.000000e+00 9.640529e-01 3.594713e-02 0.000000e+00
 0.000000e+00 0.000000e+00 0.000000e+00 9.960474e-01 3.952611e-03
 0.000000e+00 0.000000e+00 0.000000e+00 0.000000e+00 0.000000e+00
<ENDHMM>
~h "cl"
<BEGINHMM>
<NUMSTATES> 5
<STATE> 2
<MEAN> 39
 -1.267485e+01 -1.298007e+00 -1.185702e+00 -4.115448e+00 -1.980571e+00 5.341544e+00 2.798947e+00 6.572962e-03 3.875573e+00 2.182567e-01 -3.016999e+00 1.343937e+00 5.431459e+01 -4.032400e-01 4.023780e-02 8.629866e-02 -4.065567e-02 -1.552678e-01 2.050563e-01 -9.326216e-02 -2.163905e-01 1.244093e-01 -5.191696e-02 -1.827142e-01 1.421944e-01 3.222329e-01 8.764487e-03 -9.452369e-03 1.544164e-02 -8.399623e-03 -1.425744e-02 2.067645e-02 3.714231e-04 -2.088589e-02 1.277940e-02 -2.540099e-03 -2.289267e-02 1.683219e-02 -7.833136e-03
<VARIANCE> 39
 4.850401e+01 3.048284e+01 2.942779e+01 1.717244e+01 2.201955e+01 4.773796e+01 2.708280e+01 2.985186e+01 3.533813e+01 2.520824e+01 2.721176e+01 2.391302e+01 5.467937e+01 3.039168e+00 8.686412e-01 8.906810e-01 9.948764e-01 1.476214e+00 2.264826e+00 1.815320e+00 2.355967e+00 2.219034e+00 1.838516e+00 1.965221e+00 1.719395e+00 2.401827e+00 4.437837e-01 1.355731e-01 1.479591e-01 1.796247e-01 2.507646e-01 3.647308e-01 3.294178e-01 3.852293e-01 3.879411e-01 3.381958e-01 3.320025e-01 2.945130e-01 3.439032e-01
<GCONST> 1.068176e+02
<STATE> 3
<MEAN> 39
 -1.872401e+01 1.269587e+00 2.944920e+00 -5.987645e+00 -6.383021e+00 1.040762e+01 1.883573e-01 -3.776293e+00 9.075909e+00 -4.928892e-01 -6.819124e+00 5.363770e+00 5.633446e+01 -1.199724e-01 -1.058546e-02 1.403265e-02 -1.301648e-02 -8.620635e-03 2.773814e-02 -6.076120e-03 -1.194745e-02 -5.865050e-02 8.907244e-04 -5.863692e-02 6.600894e-03 1.208963e-01 3.097833e-02 4.315367e-04 -1.368075e-02 2.602488e-03 1.822614e-02 -2.113355e-02 8.800565e-03 2.656227e-02 -1.820284e-02 5.598171e-03 1.970778e-02 -1.852660e-02 -2.645667e-02
<VARIANCE> 39
 5.118040e+01 1.180826e+01 2.650860e+01 2.005619e+01 2.155072e+01 3.216360e+01 3.240990e+01 4.050580e+01 4.265011e+01 3.836197e+01 3.297549e+01 2.350768e+01 3.341566e+01 3.043639e+00 5.443895e-01 1.050834e+00 1.078059e+00 1.454640e+00 2.036877e+00 1.809701e+00 2.335628e+00 2.640984e+00 1.850114e+00 1.910439e+00 1.767866e+00 1.932895e+00 5.593992e-01 1.027484e-01 1.924022e-01 2.127617e-01 2.879439e-01 3.936993e-01 3.530716e-01 4.615210e-01 5.103371e-01 3.691971e-01 3.843569e-01 3.499792e-01 3.727532e-01
<GCONST> 1.075550e+02
<STATE> 4
<MEAN> 39
 -2.150452e+01 1.353584e+00 2.568233e+00 -5.292729e+00 -5.524737e+00 1.134284e+01 1.093795e+00 -4.267429e+00 5.650145e+00 8.014788e-01 -8.275660e+00 4.865717e+00 5.855762e+01 6.509760e-02 -5.041528e-03 -6.754113e-03 6.158834e-04 9.601719e-03 -1.912874e-02 4.844875e-03 7.352700e-03 -2.830914e-03 -1.132581e-03 1.481048e-02 -7.307467e-03 -5.141887e-02 4.752275e-04 -5.010370e-06 -1.395975e-03 8.993295e-04 1.415091e-03 -2.470940e-03 -2.251871e-04 1.921973e-03 -1.515054e-03 5.323992e-04 2.375376e-03 -1.940235e-03 -4.977628e-06
<VARIANCE> 39
 4.446495e+01 1.137835e+01 2.768892e+01 1.604615e+01 2.453180e+01 3.261295e+01 2.797524e+01 4.027152e+01 3.922025e+01 4.312370e+01 3.946215e+01 2.738368e+01 3.053707e+01 1.357942e+00 4.744307e-01 8.926939e-01 9.089168e-01 1.295331e+00 1.840729e+00 1.785021e+00 2.071450e+00 2.176123e+00 1.845167e+00 1.690331e+00 1.688670e+00 1.101625e+00 2.498738e-01 8.757961e-02 1.713587e-01 1.797789e-01 2.520289e-01 3.516156e-01 3.494221e-01 3.960102e-01 4.281057e-01 3.642929e-01 3.388836e-01 3.318698e-01 2.051553e-01
<GCONST> 1.022824e+02
<TRANSP> 5
 0.000000e+00 1.000000e+00 0.000000e+00 0.000000e+00 0.000000e+00
 0.000000e+00 9.537636e-01 4.623641e-02 0.000000e+00 0.000000e+00
 0.000000e+00 0.000000e+00 9.569877e-01 4.301224e-02 0.000000e+00
 0.000000e+00 0.000000e+00 0.000000e+00 9.961144e-01 3.885579e-03
 0.000000e+00 0.000000e+00 0.000000e+00 0.000000e+00 0.000000e+00
<ENDHMM>
~h "cm"
<BEGINHMM>
<NUMSTATES> 5
<STATE> 2
<MEAN> 39
 -1.089952e+01 -6.588793e-01 -3.565853e+00 -5.638072e+00 -8.707142e-01 -4.612774e-02 -3.004193e-01 1.021212e+00 -3.446651e-01 1.071303e+00 1.833054e+00 -6.056013e-01 5.759280e+01 3.171227e-02 -5.408075e-02 -6.951260e-02 -1.057926e-01 -7.966057e-02 -1.063342e-01 -1.284115e-01 -9.803901e-02 -7.868963e-02 -5.553015e-02 -4.189993e-02 6.455733e-04 3.765947e-01 1.955519e-02 2.764881e-03 -5.655596e-03 2.324022e-05 -1.255262e-03 -5.158532e-03 -3.795614e-03 -8.109765e-03 -7.922228e-03 -4.415851e-03 -4.153952e-03 -5.813905e-03 1.018645e-02
<VARIANCE> 39
 1.747106e+01 1.801442e+01 1.409852e+01 1.724578e+01 1.674626e+01 1.967945e+01 2.193695e+01 2.033826e+01 1.960702e+01 1.852131e+01 1.973550e+01 1.676552e+01 4.075685e+01 4.833370e-01 6.376002e-01 6.853153e-01 1.014017e+00 1.229688e+00 1.477232e+00 1.538597e+00 1.604391e+00 1.602054e+00 1.530100e+00 1.525868e+00 1.346488e+00 9.450987e-01 6.426395e-02 1.009634e-01 1.185614e-01 1.766365e-01 2.228120e-01 2.682906e-01 2.862282e-01 2.988519e-01 3.038261e-01 2.897953e-01 2.853746e-01 2.555616e-01 1.133225e-01
<GCONST> 9.033963e+01
<STATE> 3
<MEAN> 39
 -1.140247e+01 -1.923266e+00 -5.601435e+00 -7.482567e+00 -1.901188e+00 -1.554997e+00 -2.799697e+00 -4.645824e-01 -1.964841e+00 5.937854e-01 1.946932e+00 1.456664e-01 6.395724e+01 9.901159e-02 -4.083620e-02 -1.644399e-02 -2.942868e-03 -4.618088e-03 -3.021638e-02 -3.309138e-02 -2.673563e-02 -2.639161e-02 -4.095442e-02 -6.643124e-02 -4.421470e-02 3.227050e-01 -5.095562e-03 4.006206e-03 1.455756e-02 2.164063e-02 1.913380e-02 1.788442e-02 1.485535e-02 9.797318e-03 4.953305e-03 1.088689e-04 2.117462e-04 -6.078056e-04 -2.746238e-02
<VARIANCE> 39
 1.762710e+01 1.229533e+01 1.201983e+01 1.327703e+01 1.604863e+01 1.831870e+01 1.826003e+01 1.896961e+01 1.888004e+01 1.907595e+01 2.359873e+01 1.903518e+01 4.412780e+01 3.511015e-01 4.548107e-01 6.231211e-01 8.844550e-01 1.087238e+00 1.240194e+00 1.397772e+00 1.492415e+00 1.478331e+00 1.390466e+00 1.392648e+00 1.293386e+00 5.144548e-01 5.300281e-02 8.076941e-02 1.177839e-01 1.726517e-01 2.178318e-01 2.507823e-01 2.855031e-01 3.046243e-01 3.025440e-01 2.840346e-01 2.823145e-01 2.640333e-01 6.324319e-02
<GCONST> 8.617918e+01
<STATE> 4
<MEAN> 39
 -6.445642e+00 -4.089871e-01 -3.874434e+00 -5.063489e+00 -1.260056e+00 -1.758856e+00 -2.719836e+00 -1.513861e+00 -2.588677e+00 -1.733421e+00 -9.405198e-01 -2.117841e+00 6.701200e+01 4.142755e-02 4.018392e-02 5.103573e-02 6.449814e-02 4.579112e-02 2.972043e-02 3.074528e-02 1.088862e-03 2.966267e-03 -3.736116e-03 1.257475e-03 1.927805e-03 -1.848615e-01 -2.713047e-03 1.442892e-05 -3.722486e-04 -1.698449e-03 -1.504836e-03 -1.274131e-04 9.849524e-04 1.688691e-03 1.391989e-03 1.843120e-03 1.878308e-03 4.810856e-04 -7.232901e-03
<VARIANCE> 39
 1.488305e+01 1.251273e+01 1.255421e+01 1.451262e+01 1.541840e+01 1.530614e+01 1.687136e+01 1.787214e+01 1.831828e+01 1.624669e+01 1.587209e+01 1.345958e+01 6.841048e+01 2.043079e-01 3.132786e-01 4.759988e-01 7.079605e-01 8.934476e-01 1.047825e+00 1.196050e+00 1.288992e+00 1.341300e+00 1.312683e+00 1.267749e+00 1.163101e+00 2.968456e-01 3.071349e-02 5.529348e-02 8.997139e-02 1.356586e-01 1.735611e-01 2.074246e-01 2.391928e-01 2.579264e-01 2.695898e-01 2.657134e-01 2.558853e-01 2.354004e-01 2.609326e-02
<GCONST> 7.885184e+01
<TRANSP> 5
 0.000000e+00 1.000000e+00 0.000000e+00 0.000000e+00 0.000000e+00
 0.000000e+00 9.479985e-01 5.200147e-02 0.000000e+00 0.000000e+00
 0.000000e+00 0.000000e+00 9.455574e-01 5.444264e-02 0.000000e+00
 0.000000e+00 0.000000e+00 0.000000e+00 9.878053e-01 1.219471e-02
 0.000000e+00 0.000000e+00 0.000000e+00 0.000000e+00 0.000000e+00
<ENDHMM>
~h "co"
<BEGINHMM>
<NUMSTATES> 5
<STATE> 2
<MEAN> 39
 -6.810707e+00 -7.858640e+00 -1.692469e+00 -2.990174e+00 -9.338301e+00 -4.561337e+00 -4.963367e+00 3.038329e-01 -1.063130e+00 -3.745325e+00 -3.615177e+00 -5.567966e+00 6.305079e+01 -5.107450e-01 -1.018511e-01 3.028150e-01 -4.596556e-01 -6.292587e-01 -8.325236e-01 -2.843910e-01 -6.255388e-01 -7.160947e-01 -6.919692e-01 -3.633285e-01 -2.440355e-01 2.304033e+00 -6.030629e-02 1.300260e-01 8.264512e-03 4.016362e-02 2.357258e-01 1.017000e-01 1.472705e-01 3.845996e-02 -2.741519e-02 3.565721e-02 9.741111e-02 7.828778e-02 -9.271598e-02
<VARIANCE> 39
 2.047942e+01 4.385627e+01 2.978921e+01 3.746397e+01 7.361595e+01 5.539357e+01 9.769340e+01 6.499718e+01 6.305719e+01 5.391913e+01 4.525621e+01 3.883845e+01 1.086448e+02 1.228490e+00 3.216965e+00 1.974513e+00 2.609077e+00 4.826571e+00 3.422856e+00 4.462904e+00 3.407139e+00 3.725886e+00 2.971748e+00 2.554558e+00 2.445648e+00 4.800994e+00 1.507528e-01 4.876883e-01 2.993510e-01 3.875088e-01 6.382770e-01 5.345536e-01 6.795359e-01 4.968816e-01 5.962393e-01 4.950587e-01 4.483643e-01 3.971170e-01 5.598850e-01
<GCONST> 1.267499e+02
<STATE> 3
<MEAN> 39
 -8.984225e+00 -8.086642e+00 -2.861529e+00 -4.625943e+00 -8.283517e+00 -9.415820e+00 -5.365294e+00 -5.981100e+00 -4.590636e+00 -4.257554e+00 -2.767410e+00 -6.730031e+00 7.012249e+01 4.984658e-02 -3.139962e-02 -7.047944e-02 2.314235e-02 1.186687e-01 -3.857484e-02 -9.777214e-02 -1.470443e-01 6.870374e-03 4.656504e-02 -6.279174e-03 -4.014633e-02 -1.030651e-02 3.680325e-02 -1.622254e-02 -1.025166e-02 1.228602e-02 -2.758402e-03 1.064070e-02 -1.836850e-02 1.227002e-02 2.659139e-02 2.325647e-02 -7.629275e-03 -1.219125e-02 -6.500296e-02
<VARIANCE> 39
 1.952013e+01 1.531578e+01 2.933761e+01 2.161935e+01 2.661124e+01 2.957451e+01 5.263365e+01 6.793969e+01 4.501503e+01 3.859445e+01 3.414423e+01 3.382357e+01 4.791169e+01 5.722676e-01 9.722465e-01 1.008495e+00 1.285996e+00 1.938153e+00 1.756601e+00 2.493555e+00 2.546083e+00 3.038026e+00 2.379834e+00 2.074678e+00 1.877210e+00 1.401734e+00 8.028199e-02 2.015836e-01 1.792526e-01 2.424561e-01 3.467027e-01 3.352499e-01 4.373682e-01 4.706271e-01 6.180542e-01 4.721586e-01 3.966787e-01 3.469837e-01 1.802880e-01
<GCONST> 1.075636e+02
<STATE> 4
<MEAN> 39
 -4.753705e+00 -5.413507e+00 9.678717e-01 -7.528515e-01 -3.338900e+00 -4.737428e+00 -6.726846e+00 -4.926398e+00 -2.935786e+00 -4.040650e+00 -3.860369e+00 -7.838756e+00 6.128136e+01 6.855086e-02 8.630671e-02 5.370171e-02 5.817281e-02 1.062030e-01 8.860803e-02 4.409067e-02 6.359985e-02 6.167691e-03 1.111790e-02 1.191252e-02 1.428426e-02 -2.483745e-01 -3.197782e-03 2.552361e-03 -2.445616e-04 -1.900822e-03 -5.205597e-03 6.713464e-04 4.800620e-03 3.324762e-03 -1.776701e-03 -3.581304e-03 -1.156027e-03 1.987721e-03 6.978894e-04
<VARIANCE> 39
 1.482444e+01 2.584733e+01 2.466902e+01 2.635911e+01 3.583577e+01 3.658381e+01 5.417197e+01 5.275328e+01 3.493827e+01 3.910565e+01 3.382096e+01 3.263641e+01 7.596329e+01 3.482005e-01 6.520377e-01 7.449913e-01 9.288759e-01 1.484400e+00 1.351531e+00 1.860853e+00 1.860059e+00 1.900594e+00 1.886412e+00 1.728712e+00 1.574712e+00 9.760919e-01 4.839478e-02 1.128977e-01 1.344251e-01 1.756038e-01 2.744532e-01 2.572099e-01 3.388399e-01 3.467333e-01 3.799929e-01 3.721670e-01 3.451064e-01 3.096406e-01 9.778029e-02
<GCONST> 9.987173e+01
<TRANSP> 5
 0.000000e+00 1.000000e+00 0.000000e+00 0.000000e+00 0.000000e+00
 0.000000e+00 8.553432e-01 1.446567e-01 0.000000e+00 0.000000e+00
 0.000000e+00 0.000000e+00 9.666614e-01 3.333861e-02 0.000000e+00
 0.000000e+00 0.000000e+00 0.000000e+00 9.884724e-01 1.152760e-02
 0.000000e+00 0.000000e+00 0.000000e+00 0.000000e+00 0.000000e+00
<ENDHMM>
~h "ds"
<BEGINHMM>
<NUMSTATES> 5
<STATE> 2
<MEAN> 39
 -1.468317e+01 -1.332062e+00 -8.912761e-01 -1.439555e+00 -1.002140e+00 -1.418277e+00 3.221130e+00 2.909833e-01 2.408279e+00 1.220268e+00 2.015102e+00 4.910823e-01 6.533501e+01 -3.451867e-01 9.440739e-02 -1.252476e-02 -1.185817e-01 -2.224461e-01 -2.041251e-01 -9.261005e-02 -7.255606e-02 -3.467650e-02 1.729818e-01 2.023135e-01 1.461341e-01 1.474584e+00 1.401684e-01 7.255834e-02 6.164516e-02 9.496293e-02 9.336708e-02 6.333625e-02 4.979653e-02 2.991693e-02 1.957699e-02 -9.290693e-03 2.652696e-02 9.389544e-03 -1.820432e-01
<VARIANCE> 39
 3.005344e+01 1.883684e+01 1.747824e+01 2.190636e+01 2.554912e+01 2.313805e+01 3.178365e+01 3.490023e+01 2.750851e+01 2.471549e+01 2.157377e+01 1.717001e+01 1.359954e+02 2.874762e+00 1.606468e+00 1.680445e+00 2.129747e+00 2.493735e+00 2.532871e+00 2.889223e+00 2.514067e+00 2.396781e+00 2.195801e+00 2.148711e+00 1.702899e+00 1.033269e+01 4.426636e-01 2.407507e-01 2.428536e-01 3.699669e-01 4.114723e-01 4.381632e-01 4.791445e-01 4.455468e-01 4.234451e-01 3.858731e-01 3.758668e-01 2.982705e-01 1.651640e+00
<GCONST> 1.152267e+02
<STATE> 3
<MEAN> 39
 -1.477905e+01 -1.553177e-01 -4.759290e-01 2.557474e-02 -9.046242e-01 -1.986594e+00 2.687167e+00 -1.251954e+00 2.902251e+00 2.865864e+00 3.630325e+00 1.494203e+00 7.039548e+01 1.556038e-01 5.644926e-02 6.519254e-02 1.838081e-01 2.029979e-01 5.424004e-02 5.325355e-03 -3.799436e-02 -2.722428e-02 -6.260090e-04 2.681885e-02 -4.413958e-02 -2.439359e-01 1.602210e-03 -2.299764e-02 -1.498107e-02 -1.946367e-02 9.601900e-03 9.185475e-03 -2.029222e-04 -1.152470e-02 -1.966657e-02 -2.745697e-02 -4.400617e-02 -3.503154e-02 -8.887045e-02
<VARIANCE> 39
 1.158390e+01 1.084929e+01 1.392573e+01 1.640756e+01 2.650816e+01 1.923899e+01 2.391943e+01 2.066303e+01 1.758103e+01 1.651982e+01 1.536261e+01 1.382628e+01 5.422881e+01 5.654132e-01 4.294803e-01 7.757697e-01 1.029323e+00 1.572260e+00 1.486224e+00 1.602328e+00 1.676096e+00 1.559484e+00 1.573839e+00 1.563672e+00 1.347379e+00 1.298259e+00 1.050746e-01 9.203830e-02 1.488208e-01 2.053048e-01 2.939846e-01 3.018836e-01 3.229953e-01 3.417799e-01 3.196132e-01 3.219022e-01 3.256920e-01 2.745519e-01 2.338378e-01
<GCONST> 9.260908e+01
<STATE> 4
<MEAN> 39
 -9.894837e+00 6.780536e-01 1.204860e+00 -2.878038e-01 2.613137e+00 5.003310e-01 3.076380e+00 6.111738e-01 2.243978e+00 -4.301414e-02 1.749643e+00 -6.887867e-01 5.565485e+01 4.117522e-02 8.374967e-03 2.260434e-02 8.970995e-03 2.667407e-02 2.762330e-02 2.525304e-02 1.899784e-02 8.287115e-03 -8.206536e-03 -1.067767e-02 -6.879725e-03 -9.243433e-02 -1.378807e-03 -5.667407e-04 -1.402427e-03 -1.323811e-03 -3.312647e-03 -1.457936e-03 -1.112280e-03 2.672332e-04 1.092459e-03 1.827752e-03 1.401083e-03 1.698647e-03 2.959097e-03
<VARIANCE> 39
 1.685672e+01 1.330344e+01 1.799579e+01 1.948641e+01 1.997212e+01 2.327180e+01 2.580727e+01 2.193998e+01 2.472529e+01 2.282780e+01 1.779033e+01 1.639355e+01 5.954078e+01 5.485439e-01 5.061848e-01 6.792036e-01 9.174783e-01 1.161682e+00 1.406220e+00 1.547400e+00 1.569184e+00 1.644258e+00 1.615248e+00 1.463645e+00 1.295061e+00 8.314186e-01 9.029443e-02 9.269928e-02 1.262180e-01 1.781701e-01 2.257435e-01 2.739584e-01 3.038812e-01 3.119118e-01 3.246643e-01 3.219720e-01 2.935272e-01 2.608311e-01 1.043219e-01
<GCONST> 9.177833e+01
<TRANSP> 5
 0.000000e+00 1.000000e+00 0.000000e+00 0.000000e+00 0.000000e+00
 0.000000e+00 8.764532e-01 1.235469e-01 0.000000e+00 0.000000e+00
 0.000000e+00 0.000000e+00 9.300976e-01 6.990237e-02 0.000000e+00
 0.000000e+00 0.000000e+00 0.000000e+00 9.936633e-01 6.336752e-03
 0.000000e+00 0.000000e+00 0.000000e+00 0.000000e+00 0.000000e+00
<ENDHMM>
~h "kj"
<BEGINHMM>
<NUMSTATES> 5
<STATE> 2
<MEAN> 39
 -1.201283e+01 9.765790e-01 -2.859682e+00 -1.947129e+00 -1.130964e+00 5.836595e-01 1.499735e+00 2.099900e+00 9.313328e-01 1.167281e+00 4.068919e-01 -1.176659e+00 5.199232e+01 -2.836020e-01 -1.947327e-01 -9.280545e-02 -3.233385e-03 -9.268442e-02 -1.686683e-01 -1.155874e-01 -1.798210e-01 -3.573451e-02 -1.046968e-02 -3.465357e-02 1.227582e-02 4.384295e-01 3.501868e-03 -9.404197e-03 -1.081932e-03 1.287122e-04 5.700434e-03 7.972121e-07 -2.884092e-03 -1.193161e-02 -4.809004e-03 -1.878140e-03 -2.874598e-03 -2.951525e-03 -2.200685e-03
<VARIANCE> 39
 1.669989e+01 2.696617e+01 1.535436e+01 1.777585e+01 1.857699e+01 2.439962e+01 2.306104e+01 2.256954e+01 2.249320e+01 1.788047e+01 1.661416e+01 1.710797e+01 3.477698e+01 9.316266e-01 1.169449e+00 1.060042e+00 1.046012e+00 1.407358e+00 1.618821e+00 1.830920e+00 1.821575e+00 1.713294e+00 1.675851e+00 1.465751e+00 1.386053e+00 1.078204e+00 1.323434e-01 1.765368e-01 1.633326e-01 1.800335e-01 2.400323e-01 2.844167e-01 3.165135e-01 3.198477e-01 3.047054e-01 3.091307e-01 2.692406e-01 2.586585e-01 1.344688e-01
<GCONST> 9.572817e+01
<STATE> 3
<MEAN> 39
 -1.592475e+01 -2.742165e+00 -4.499865e+00 -2.075827e+00 -1.527407e+00 -2.384333e+00 -3.159937e-01 -3.286068e-01 -2.473419e-01 1.078031e+00 6.113608e-01 -8.672718e-01 5.848972e+01 -1.092884e-01 9.269356e-02 3.044186e-02 1.036050e-02 2.514203e-02 4.659317e-02 1.497504e-02 3.025975e-02 3.244802e-03 3.787294e-03 2.113666e-02 1.285897e-02 -8.916348e-03 -7.977990e-03 1.854834e-02 2.367998e-02 4.970275e-04 1.917769e-03 1.951377e-02 1.869956e-02 2.152306e-02 6.007079e-03 3.708971e-03 2.635129e-03 -1.544980e-03 -1.368048e-02
<VARIANCE> 39
 1.689195e+01 3.437732e+01 1.930992e+01 1.739770e+01 1.795249e+01 2.172074e+01 2.562250e+01 2.452313e+01 2.232055e+01 1.966168e+01 1.700229e+01 1.492205e+01 2.960994e+01 6.278164e-01 1.065172e+00 8.834275e-01 1.003995e+00 1.226007e+00 1.451566e+00 1.651404e+00 1.718416e+00 1.683082e+00 1.626354e+00 1.476277e+00 1.332217e+00 6.663479e-01 1.025475e-01 1.876182e-01 1.691554e-01 1.956231e-01 2.437866e-01 2.876735e-01 3.331302e-01 3.449429e-01 3.392601e-01 3.325544e-01 3.028952e-01 2.724003e-01 1.069343e-01
<GCONST> 9.455786e+01
<STATE> 4
<MEAN> 39
 -2.082287e+01 1.112806e+00 2.633237e-01 -1.346686e+00 -2.059549e+00 1.568173e+00 3.708611e+00 1.921797e+00 -2.684884e-01 1.668284e+00 9.798598e-01 -1.853252e+00 5.742848e+01 3.938514e-02 -1.112439e-02 1.414972e-03 -5.974595e-04 6.188734e-03 -4.002957e-03 3.320148e-03 1.397456e-03 2.861349e-03 -2.157123e-03 -2.365282e-03 -4.938371e-04 -2.440011e-02 3.090481e-03 -8.592862e-04 -2.209595e-03 -2.024932e-04 3.071152e-04 -1.155830e-03 -1.239521e-03 -9.475535e-04 -2.148970e-04 -4.064255e-04 -1.981013e-04 6.142318e-05 -1.389693e-03
<VARIANCE> 39
 3.456137e+01 4.117879e+01 2.064391e+01 2.718983e+01 1.759205e+01 3.502604e+01 3.957694e+01 2.669049e+01 2.358757e+01 2.772301e+01 1.714442e+01 1.800185e+01 4.024147e+01 5.731544e-01 7.837818e-01 7.531605e-01 9.274468e-01 1.143537e+00 1.416950e+00 1.632412e+00 1.589494e+00 1.580730e+00 1.631016e+00 1.456411e+00 1.310246e+00 6.542293e-01 9.488135e-02 1.356335e-01 1.415153e-01 1.809065e-01 2.239430e-01 2.768809e-01 3.176521e-01 3.172077e-01 3.203801e-01 3.295036e-01 2.946497e-01 2.642969e-01 9.369453e-02
<GCONST> 9.574799e+01
<TRANSP> 5
 0.000000e+00 1.000000e+00 0.000000e+00 0.000000e+00 0.000000e+00
 0.000000e+00 9.261925e-01 7.380752e-02 0.000000e+00 0.000000e+00
 0.000000e+00 0.000000e+00 9.734553e-01 2.654469e-02 0.000000e+00
 0.000000e+00 0.000000e+00 0.000000e+00 9.962078e-01 3.792140e-03
 0.000000e+00 0.000000e+00 0.000000e+00 0.000000e+00 0.000000e+00
<ENDHMM>
~h "kn"
<BEGINHMM>
<NUMSTATES> 5
<STATE> 2
<MEAN> 39
 -3.347237e-01 -5.266159e-01 -3.392126e+00 -3.152897e+00 9.841993e-01 -7.579911e-01 8.173196e-01 -8.621198e-01 1.001121e+00 2.259210e-01 -2.117724e-01 -1.196236e+00 5.720994e+01 1.486867e-01 3.590485e-02 -1.155283e-01 1.670560e-01 1.602136e-01 -1.653439e-01 2.997568e-01 -2.977089e-01 4.967983e-01 2.363040e-01 2.898195e-01 1.978541e-01 1.590517e+00 -5.998076e-02 1.076365e-01 8.029349e-02 3.692682e-02 4.126680e-02 1.272845e-01 4.487792e-02 7.020744e-02 -4.577345e-02 -7.067416e-04 8.734491e-03 1.303960e-02 -3.070853e-01
<VARIANCE> 39
 3.454795e+01 3.706987e+01 3.152908e+01 1.364159e+01 2.431815e+01 3.011028e+01 3.005276e+01 4.197164e+01 2.324257e+01 2.400301e+01 2.445190e+01 1.756619e+01 1.125509e+02 2.619807e+00 1.808893e+00 1.882103e+00 1.253654e+00 1.574068e+00 2.654533e+00 2.798542e+00 3.369267e+00 2.327051e+00 2.311733e+00 2.241210e+00 1.813275e+00 6.308384e+00 3.835976e-01 2.645061e-01 2.916388e-01 1.998157e-01 2.506384e-01 4.223618e-01 4.411959e-01 5.527325e-01 3.938257e-01 3.849875e-01 3.588094e-01 3.008812e-01 9.150029e-01
<GCONST> 1.137687e+02
<STATE> 3
<MEAN> 39
 3.358235e+00 -9.656016e-02 -4.478106e+00 -9.913087e-01 2.677298e+00 -1.109584e+00 1.753710e+00 -2.396157e+00 2.157579e+00 6.042757e-01 1.512876e+00 2.733223e-01 6.152474e+01 8.986917e-02 -4.328769e-02 2.572112e-03 8.622127e-02 6.847525e-02 9.058677e-04 1.390707e-03 3.937157e-02 -1.734459e-02 1.208825e-02 1.372977e-02 2.635613e-02 -6.308031e-02 1.412458e-02 -1.221203e-02 -6.564857e-03 -3.080429e-03 -2.270815e-03 -5.980146e-03 -2.128524e-02 3.184455e-03 -2.440344e-02 -1.651496e-02 -1.698617e-02 -1.229556e-02 -3.398460e-02
<VARIANCE> 39
 1.195148e+01 3.117850e+01 1.812886e+01 1.619142e+01 2.160841e+01 2.488461e+01 2.475414e+01 2.351817e+01 2.265917e+01 2.149855e+01 1.744645e+01 1.656872e+01 3.062223e+01 6.182874e-01 1.060391e+00 1.173687e+00 1.072183e+00 1.405759e+00 1.900751e+00 1.788564e+00 1.949631e+00 1.805803e+00 1.717775e+00 1.598696e+00 1.397821e+00 2.037075e+00 1.204240e-01 2.041050e-01 2.143862e-01 2.119403e-01 2.760609e-01 3.833697e-01 3.741984e-01 4.016021e-01 3.848852e-01 3.608026e-01 3.364288e-01 2.902264e-01 3.700154e-01
<GCONST> 9.966468e+01
<STATE> 4
<MEAN> 39
 5.301757e+00 -2.679092e-01 -2.797265e+00 4.403880e-01 4.239237e+00 4.901846e-01 1.498084e+00 -6.236326e-01 5.935683e-01 2.412628e-01 9.129111e-01 -3.596565e-01 5.705622e+01 -3.934642e-02 5.560280e-02 8.594287e-02 1.857355e-02 1.243978e-02 8.191958e-02 3.430160e-03 5.453457e-02 -4.515668e-02 -8.044699e-03 -1.612864e-02 -2.299731e-02 -2.122329e-01 -4.894193e-03 -4.483769e-03 -2.374587e-03 -5.794782e-03 -6.989203e-03 -4.675480e-03 -1.606445e-03 -3.173726e-03 1.255518e-03 -3.992164e-04 2.058565e-04 -1.661672e-03 7.100970e-03
<VARIANCE> 39
 1.465085e+01 2.430024e+01 1.815447e+01 1.485456e+01 2.084108e+01 2.592139e+01 2.309238e+01 2.187419e+01 2.163857e+01 1.983781e+01 1.734091e+01 1.648227e+01 4.478985e+01 3.073455e-01 6.560696e-01 6.389308e-01 8.751210e-01 1.107215e+00 1.386273e+00 1.446957e+00 1.602505e+00 1.554001e+00 1.563980e+00 1.450146e+00 1.312715e+00 1.220175e+00 4.887975e-02 1.202842e-01 1.209338e-01 1.742621e-01 2.173161e-01 2.739343e-01 2.968720e-01 3.251942e-01 3.161658e-01 3.214814e-01 2.954233e-01 2.679156e-01 1.960382e-01
<GCONST> 9.139607e+01
<TRANSP> 5
 0.000000e+00 1.000000e+00 0.000000e+00 0.000000e+00 0.000000e+00
 0.000000e+00 8.533177e-01 1.466823e-01 0.000000e+00 0.000000e+00
 0.000000e+00 0.000000e+00 9.535916e-01 4.640839e-02 0.000000e+00
 0.000000e+00 0.000000e+00 0.000000e+00 9.855421e-01 1.445792e-02
 0.000000e+00 0.000000e+00 0.000000e+00 0.000000e+00 0.000000e+00
<ENDHMM>
~h "kt"
<BEGINHMM>
<NUMSTATES> 5
<STATE> 2
<MEAN> 39
 -1.360515e+01 -1.097725e+00 -6.340691e+00 -2.719379e+00 -1.568280e-01 -7.273811e-01 4.505809e+00 2.313767e+00 2.495487e+00 6.229824e-01 1.078121e+00 -7.604937e-01 5.709589e+01 -1.419443e-01 7.241294e-03 -5.514581e-02 3.877437e-02 -3.465787e-02 -9.499466e-02 -2.941640e-02 -1.259496e-02 1.661277e-02 -1.816891e-02 -7.080159e-03 -1.123596e-02 2.245136e-01 2.438789e-02 -2.640575e-03 7.697721e-03 1.369808e-03 1.177426e-02 6.308134e-03 8.169975e-03 1.157201e-03 6.539479e-03 6.934806e-03 5.189171e-03 4.605180e-03 -3.076720e-02
<VARIANCE> 39
 2.152367e+01 1.123305e+01 1.623751e+01 1.575480e+01 1.554828e+01 1.970776e+01 2.085926e+01 1.834305e+01 1.918914e+01 1.645644e+01 1.633442e+01 1.425381e+01 3.569655e+01 1.702739e+00 6.229849e-01 8.567059e-01 1.185954e+00 1.430912e+00 1.784604e+00 1.708267e+00 1.661915e+00 1.797830e+00 1.692157e+00 1.608176e+00 1.370925e+00 2.358887e+00 3.141798e-01 1.114956e-01 1.600786e-01 2.261036e-01 2.783992e-01 3.482596e-01 3.309205e-01 3.241930e-01 3.513342e-01 3.356294e-01 3.167710e-01 2.685670e-01 4.135653e-01
<GCONST> 9.725813e+01
<STATE> 3
<MEAN> 39
 -1.308723e+01 8.175803e-01 -4.761547e+00 -9.697030e-01 -1.279321e-02 -2.034276e+00 2.600631e+00 1.691757e+00 1.733559e+00 -5.992158e-01 2.104620e-01 -1.050092e+00 5.594588e+01 2.568252e-02 1.134876e-02 7.032590e-03 1.627866e-03 2.465079e-02 1.277958e-02 2.051072e-02 -4.597371e-03 3.190324e-03 -2.759006e-03 8.812770e-04 4.090163e-03 -3.962271e-02 3.741613e-03 1.302365e-03 3.127684e-04 -1.811255e-03 1.933742e-03 6.351172e-03 3.609659e-03 2.522004e-03 -2.061585e-03 2.557803e-04 -1.249847e-03 -9.878981e-04 -1.002424e-02
<VARIANCE> 39
 9.791068e+00 8.533895e+00 1.148527e+01 1.367127e+01 1.563897e+01 1.679678e+01 2.061438e+01 1.825116e+01 1.942417e+01 1.845357e+01 1.728454e+01 1.460545e+01 2.345025e+01 8.896575e-01 5.116307e-01 7.652208e-01 1.009944e+00 1.366281e+00 1.514743e+00 1.663955e+00 1.642219e+00 1.764634e+00 1.714470e+00 1.576044e+00 1.384681e+00 1.582341e+00 1.801270e-01 1.020245e-01 1.564500e-01 2.040494e-01 2.774245e-01 3.127643e-01 3.420472e-01 3.355212e-01 3.596230e-01 3.530360e-01 3.222151e-01 2.834336e-01 3.108014e-01
<GCONST> 9.258603e+01
<STATE> 4
<MEAN> 39
 -1.078974e+01 2.088261e+00 -4.480159e+00 -9.701219e-01 4.651745e-01 2.475233e-01 3.874290e+00 2.624704e+00 2.074445e+00 -1.367621e-01 3.133186e-01 -1.717400e+00 5.142634e+01 1.855231e-02 -2.283297e-03 6.263048e-03 -5.157307e-03 3.432038e-03 9.348605e-03 3.554217e-03 2.173756e-03 -2.466820e-03 1.725145e-03 1.317340e-03 -7.908342e-04 -2.445689e-02 -7.926336e-04 -5.271179e-04 2.378438e-05 -1.286203e-04 -1.084042e-03 -9.740925e-04 -1.622059e-03 -2.123129e-04 -7.432845e-06 4.017817e-04 2.960982e-04 3.129363e-04 1.498580e-03
<VARIANCE> 39
 1.283669e+01 9.783972e+00 1.422528e+01 1.309083e+01 1.525955e+01 1.782802e+01 2.008172e+01 1.735351e+01 1.768456e+01 1.702107e+01 1.519613e+01 1.329199e+01 2.284005e+01 8.395309e-01 4.817023e-01 6.711308e-01 8.767258e-01 1.147014e+00 1.352080e+00 1.509912e+00 1.526712e+00 1.582854e+00 1.552787e+00 1.434118e+00 1.270327e+00 9.311664e-01 1.623976e-01 9.377605e-02 1.338581e-01 1.760909e-01 2.309063e-01 2.725690e-01 3.075009e-01 3.106813e-01 3.230419e-01 3.185907e-01 2.926643e-01 2.594303e-01 1.717820e-01
<GCONST> 8.894719e+01
<TRANSP> 5
 0.000000e+00 1.000000e+00 0.000000e+00 0.000000e+00 0.000000e+00
 0.000000e+00 9.604740e-01 3.952600e-02 0.000000e+00 0.000000e+00
 0.000000e+00 0.000000e+00 9.809309e-01 1.906906e-02 0.000000e+00
 0.000000e+00 0.000000e+00 0.000000e+00 9.960333e-01 3.966680e-03
 0.000000e+00 0.000000e+00 0.000000e+00 0.000000e+00 0.000000e+00
<ENDHMM>
~h "pr"
<BEGINHMM>
<NUMSTATES> 5
<STATE> 2
<MEAN> 39
 -1.398449e+01 -6.997921e+00 4.502788e+00 -8.497791e+00 1.980977e+00 3.784307e+00 3.798144e-01 3.106294e-01 2.713236e+00 -1.251247e+00 4.841232e-01 1.337764e+00 5.625114e+01 -6.119508e-01 -2.290461e-01 1.897734e-01 -2.547720e-01 1.322501e-01 3.308105e-01 1.977997e-02 -5.325509e-01 4.656605e-02 -1.537161e-01 -8.548437e-03 5.281938e-01 6.120797e-01 1.514394e-01 2.006634e-02 -4.987190e-02 4.398268e-02 -2.487789e-02 2.709509e-03 3.181178e-03 1.080135e-02 -2.074546e-02 2.318656e-02 8.373614e-03 -1.040711e-02 -1.213309e-01
<VARIANCE> 39
 4.917632e+01 5.790532e+01 8.341290e+01 4.831501e+01 5.717348e+01 6.810101e+01 5.915838e+01 4.999338e+01 4.394268e+01 3.668608e+01 3.852203e+01 3.653800e+01 3.327394e+01 3.128340e+00 1.516581e+00 2.821697e+00 2.658529e+00 3.038562e+00 3.227619e+00 2.935326e+00 3.304346e+00 3.041930e+00 2.173101e+00 2.812919e+00 2.917829e+00 1.970651e+00 4.075942e-01 2.077867e-01 3.716254e-01 4.039846e-01 4.314213e-01 4.780180e-01 4.803479e-01 4.537880e-01 4.308251e-01 3.547710e-01 3.810644e-01 3.929211e-01 2.387687e-01
<GCONST> 1.224545e+02
<STATE> 3
<MEAN> 39
 -2.002856e+01 -1.433275e-01 9.167331e+00 -1.172660e+01 2.268229e+00 1.114414e+01 -1.804473e+00 -3.871746e+00 8.370279e+00 -5.587360e+00 -1.827832e+00 5.502607e+00 5.722836e+01 -1.309101e-03 -2.952313e-02 -9.692241e-03 1.236370e-02 5.055957e-03 -2.729265e-02 -5.685367e-03 2.315381e-02 2.267599e-02 1.207098e-02 -1.522591e-02 -8.051179e-03 -1.130506e-02 2.589177e-03 3.885843e-03 2.374384e-03 -1.033541e-03 2.719729e-03 -7.379550e-03 -2.099506e-03 1.384255e-02 1.061508e-03 2.573054e-03 -9.600839e-04 -8.075994e-03 -4.773226e-03
<VARIANCE> 39
 2.061192e+01 6.162703e+01 1.050183e+02 2.797366e+01 4.092277e+01 6.683357e+01 4.840758e+01 4.145167e+01 9.844390e+01 3.213460e+01 6.725892e+01 4.247007e+01 1.519112e+01 7.721750e-01 6.922108e-01 7.583898e-01 1.069341e+00 1.458291e+00 1.670385e+00 1.612805e+00 1.953080e+00 1.951959e+00 1.918239e+00 2.278454e+00 1.462438e+00 4.431211e-01 1.723566e-01 1.313228e-01 1.418056e-01 2.069786e-01 2.956460e-01 3.246878e-01 3.121423e-01 3.807827e-01 4.055765e-01 3.625916e-01 4.287658e-01 2.856311e-01 8.951086e-02
<GCONST> 1.057566e+02
<STATE> 4
<MEAN> 39
 -1.436529e+01 -5.703993e+00 3.901249e+00 -7.977241e+00 3.435771e+00 2.201465e+00 2.663538e+00 4.280232e+00 2.997126e+00 -1.543238e+00 -2.013236e+00 3.152587e+00 5.475807e+01 4.161200e-02 1.833605e-02 -1.566630e-02 1.316325e-02 -8.846972e-03 -1.088812e-02 9.359153e-03 1.472405e-02 -9.709509e-03 9.001306e-03 1.233071e-03 -1.241715e-02 -3.675515e-02 -6.868403e-04 3.237312e-04 -1.283903e-04 3.693499e-04 -4.945651e-04 5.686480e-04 -3.876995e-04 -2.652158e-04 -6.620302e-04 -1.623692e-04 8.023235e-04 -7.615486e-04 4.315089e-04
<VARIANCE> 39
 3.547793e+01 5.521075e+01 7.336262e+01 6.271355e+01 6.769617e+01 1.021326e+02 7.049191e+01 6.041261e+01 6.232759e+01 4.289507e+01 7.565626e+01 6.634957e+01 4.427459e+01 3.430418e-01 4.351560e-01 6.519942e-01 9.376333e-01 1.153157e+00 1.424189e+00 1.500445e+00 1.649466e+00 1.751249e+00 1.704332e+00 1.595539e+00 1.382288e+00 2.001708e-01 5.973986e-02 7.533940e-02 1.181820e-01 1.704579e-01 2.197480e-01 2.702139e-01 2.927415e-01 3.118183e-01 3.343609e-01 3.285894e-01 3.069619e-01 2.642835e-01 3.136171e-02
<GCONST> 1.016678e+02
<TRANSP> 5
 0.000000e+00 1.000000e+00 0.000000e+00 0.000000e+00 0.000000e+00
 0.000000e+00 8.790142e-01 1.209858e-01 0.000000e+00 0.000000e+00
 0.000000e+00 0.000000e+00 9.843588e-01 1.564126e-02 0.000000e+00
 0.000000e+00 0.000000e+00 0.000000e+00 9.966422e-01 3.357796e-03
 0.000000e+00 0.000000e+00 0.000000e+00 0.000000e+00 0.000000e+00
<ENDHMM>
~h "pw"
<BEGINHMM>
<NUMSTATES> 5
<STATE> 2
<MEAN> 39
 -1.206814e+01 -7.673548e-01 -1.402475e+00 -2.383259e+00 1.215802e+00 4.872152e-01 3.396473e+00 1.080713e+00 4.697548e-01 4.909595e-01 -4.059190e-02 -1.275047e+00 5.342822e+01 -3.291735e-01 -2.881331e-01 1.366724e-02 1.515578e-02 -8.590753e-02 -2.477191e-01 -2.574536e-01 -2.292955e-01 -6.863172e-02 -5.068355e-02 7.534887e-03 2.439289e-02 7.446370e-01 2.256247e-02 -4.488045e-02 -2.142206e-02 1.099005e-02 2.135943e-02 -1.664988e-02 -1.436095e-02 -1.975174e-02 -1.764615e-03 -3.176332e-03 3.208490e-04 1.704949e-05 3.468182e-02
<VARIANCE> 39
 2.105980e+01 2.334002e+01 1.537014e+01 1.327021e+01 1.487029e+01 2.001746e+01 2.426857e+01 2.679325e+01 1.991967e+01 1.636129e+01 1.526530e+01 1.345802e+01 5.468393e+01 1.044361e+00 1.242900e+00 8.965464e-01 9.970740e-01 1.310861e+00 1.819005e+00 2.090630e+00 2.006778e+00 1.676178e+00 1.616891e+00 1.473925e+00 1.362934e+00 3.828749e+00 1.643327e-01 1.647533e-01 1.621633e-01 1.804112e-01 2.363981e-01 2.978658e-01 3.598669e-01 3.397566e-01 3.147478e-01 3.053316e-01 2.796461e-01 2.641358e-01 4.455626e-01
<GCONST> 9.831614e+01
<STATE> 3
<MEAN> 39
 -1.280793e+01 -5.360781e+00 -2.890434e+00 -2.441670e+00 6.010967e-01 -3.641494e+00 -2.012410e-01 -2.333318e+00 -1.338628e+00 -6.246343e-01 -2.377436e-01 -5.108545e-01 6.003467e+01 4.419678e-02 -4.530135e-02 -1.929921e-02 -8.952521e-03 -2.231866e-03 -3.748183e-02 -1.605341e-02 -3.810245e-02 -2.138472e-02 -1.014144e-02 -8.296781e-03 2.220026e-03 3.662573e-02 7.094195e-03 1.428929e-02 3.205962e-03 -4.670597e-04 2.492269e-03 1.015717e-02 1.140178e-02 1.046772e-02 2.235926e-03 3.179184e-03 6.205715e-04 1.774526e-04 -2.886114e-02
<VARIANCE> 39
 2.169009e+01 3.031804e+01 1.565146e+01 1.405476e+01 1.927476e+01 2.770806e+01 2.676580e+01 3.026390e+01 2.138757e+01 1.699138e+01 1.552394e+01 1.364767e+01 8.399689e+01 5.896615e-01 1.020810e+00 7.630420e-01 9.141109e-01 1.219440e+00 1.519106e+00 1.645587e+00 1.743051e+00 1.604163e+00 1.522623e+00 1.406453e+00 1.283036e+00 2.931549e+00 1.018174e-01 1.707978e-01 1.434412e-01 1.773559e-01 2.400157e-01 2.990295e-01 3.304825e-01 3.413487e-01 3.281180e-01 3.125453e-01 2.890358e-01 2.638547e-01 4.424295e-01
<GCONST> 9.737444e+01
<STATE> 4
<MEAN> 39
 -1.243850e+01 -3.632538e+00 -2.425923e+00 -2.266978e+00 8.061198e-01 -1.208287e+00 2.325400e+00 3.804723e-01 3.406107e-01 5.551064e-01 4.222265e-01 -7.357631e-01 5.511845e+01 8.088538e-03 7.590266e-03 2.355131e-03 1.365886e-03 3.576549e-03 9.401951e-03 7.533166e-03 9.331023e-03 4.179743e-03 2.285928e-03 9.788244e-04 -3.520470e-04 -2.397129e-02 -5.218494e-05 9.117415e-06 2.094250e-06 -2.525966e-04 -4.848744e-04 -4.624118e-05 -4.169287e-04 -7.992581e-05 9.965901e-05 -1.110851e-04 -1.626181e-04 -1.145487e-04 5.687812e-04
<VARIANCE> 39
 1.797554e+01 2.581400e+01 1.334765e+01 1.342171e+01 1.497563e+01 2.198011e+01 2.248610e+01 2.355048e+01 1.905413e+01 1.634463e+01 1.460541e+01 1.329185e+01 3.929472e+01 5.361372e-01 8.019000e-01 6.707233e-01 8.595570e-01 1.099332e+00 1.337068e+00 1.477393e+00 1.563346e+00 1.531564e+00 1.465911e+00 1.379814e+00 1.238885e+00 9.777038e-01 8.791071e-02 1.334512e-01 1.270727e-01 1.681034e-01 2.184208e-01 2.641104e-01 2.949067e-01 3.111347e-01 3.121276e-01 3.000354e-01 2.828194e-01 2.536646e-01 1.387841e-01
<GCONST> 9.039388e+01
<TRANSP> 5
 0.000000e+00 1.000000e+00 0.000000e+00 0.000000e+00 0.000000e+00
 0.000000e+00 9.266607e-01 7.333935e-02 0.000000e+00 0.000000e+00
 0.000000e+00 0.000000e+00 9.834812e-01 1.651882e-02 0.000000e+00
 0.000000e+00 0.000000e+00 0.000000e+00 9.981270e-01 1.872975e-03
 0.000000e+00 0.000000e+00 0.000000e+00 0.000000e+00 0.000000e+00
<ENDHMM>
~h "si"
<BEGINHMM>
<NUMSTATES> 5
<STATE> 2
<MEAN> 39
 -6.583855e+00 -1.655134e-01 1.674191e-01 -2.832009e+00 1.654178e+00 3.108082e+00 2.106421e+00 2.064167e+00 1.509366e-01 2.636148e-01 3.257044e-02 -1.770246e+00 5.054234e+01 2.991869e-03 7.349759e-03 -1.986904e-02 -2.258425e-02 -1.643504e-02 3.377819e-02 3.401222e-02 4.613971e-02 1.270752e-02 2.062281e-02 2.600592e-03 -1.344784e-02 -7.843177e-02 -2.011300e-03 -9.558892e-04 -2.589419e-03 -2.703447e-03 -1.755417e-03 -1.232662e-04 2.296527e-03 3.914890e-03 2.449235e-03 2.048831e-03 1.248011e-03 -4.160549e-04 1.698282e-03
<VARIANCE> 39
 3.257129e+01 2.433161e+01 2.602507e+01 2.049489e+01 2.526907e+01 2.225711e+01 3.484434e+01 2.348774e+01 2.130336e+01 1.939744e+01 1.868576e+01 1.798418e+01 1.661586e+01 1.536770e-01 2.807724e-01 4.489523e-01 6.402281e-01 8.695719e-01 1.072832e+00 1.226833e+00 1.317572e+00 1.349530e+00 1.355047e+00 1.282472e+00 1.153439e+00 8.292495e-02 2.471458e-02 4.868832e-02 8.304582e-02 1.212236e-01 1.649199e-01 2.052350e-01 2.358179e-01 2.542642e-01 2.629323e-01 2.647159e-01 2.502539e-01 2.259753e-01 1.015425e-02
<GCONST> 7.920052e+01
<STATE> 3
<MEAN> 39
 -4.949461e+00 -8.985536e-01 -1.905986e+00 -2.728428e+00 8.245554e-01 3.666582e+00 4.843082e+00 2.459434e+00 8.365955e-01 1.075489e+00 -6.299841e-02 -2.174560e+00 4.891507e+01 -9.719782e-03 -4.167211e-03 -2.411902e-02 -2.320111e-02 -1.834745e-02 -2.991535e-03 5.336147e-03 1.849245e-02 1.044272e-02 1.366308e-02 7.615183e-03 -2.457773e-03 -1.399588e-02 -1.556947e-03 -1.173566e-03 -8.876576e-04 -3.174622e-03 -3.906906e-03 -7.331835e-03 -6.034646e-03 -2.685539e-03 2.079524e-04 1.268763e-03 3.063636e-03 3.365660e-03 3.353549e-03
<VARIANCE> 39
 9.807476e+00 1.511609e+01 1.960511e+01 1.435157e+01 1.970251e+01 1.963571e+01 2.100129e+01 2.256982e+01 1.964286e+01 1.866176e+01 1.758395e+01 1.516255e+01 1.452144e+01 2.127269e-01 3.424509e-01 5.243332e-01 7.440970e-01 9.965676e-01 1.213596e+00 1.346136e+00 1.469930e+00 1.473032e+00 1.477242e+00 1.402284e+00 1.236738e+00 1.151921e-01 3.599605e-02 6.388031e-02 1.029312e-01 1.488810e-01 1.993485e-01 2.450606e-01 2.724801e-01 2.979456e-01 3.022849e-01 3.034351e-01 2.874951e-01 2.549077e-01 1.762382e-02
<GCONST> 8.025536e+01
<STATE> 4
<MEAN> 39
 -7.415946e+00 4.872256e-02 -1.116428e+00 -2.631770e+00 4.422027e-01 1.170147e+00 2.831580e+00 3.495780e+00 1.469403e+00 7.360082e-01 3.526778e-01 -1.461102e+00 4.737922e+01 -6.650093e-03 -1.087169e-03 -1.100609e-03 -1.078121e-03 -1.710659e-03 -4.731970e-03 -3.457618e-03 -4.587667e-03 -7.279997e-04 -4.724739e-05 2.337699e-03 2.627538e-03 1.046497e-02 2.097281e-04 1.900160e-04 5.897289e-04 8.287224e-04 6.682341e-04 7.842177e-04 2.260688e-04 -7.994464e-04 -5.138810e-04 -6.340038e-04 -6.386649e-04 -3.339979e-04 4.509424e-04
<VARIANCE> 39
 1.628881e+01 1.502223e+01 1.273746e+01 1.219179e+01 1.686660e+01 1.780999e+01 1.825342e+01 2.085542e+01 1.765998e+01 1.645565e+01 1.472881e+01 1.322661e+01 2.747114e+01 2.883863e-01 4.241334e-01 5.298181e-01 7.459443e-01 9.668320e-01 1.170993e+00 1.316848e+00 1.425901e+00 1.421708e+00 1.409551e+00 1.313647e+00 1.153681e+00 3.011105e-01 4.740090e-02 7.640830e-02 1.022826e-01 1.469021e-01 1.923979e-01 2.333330e-01 2.646761e-01 2.874313e-01 2.884572e-01 2.873200e-01 2.672987e-01 2.346580e-01 4.431254e-02
<GCONST> 8.188786e+01
<TRANSP> 5
 0.000000e+00 1.000000e+00 0.000000e+00 0.000000e+00 0.000000e+00
 0.000000e+00 9.668009e-01 3.319910e-02 0.000000e+00 0.000000e+00
 0.000000e+00 0.000000e+00 9.684196e-01 3.158039e-02 0.000000e+00
 0.000000e+00 0.000000e+00 0.000000e+00 9.953429e-01 4.657127e-03
 0.000000e+00 0.000000e+00 0.000000e+00 0.000000e+00 0.000000e+00
<ENDHMM>
~h "st"
<BEGINHMM>
<NUMSTATES> 5
<STATE> 2
<MEAN> 39
 -8.904870e+00 -3.603022e+00 -2.499021e+00 -7.098630e+00 -2.133900e+00 -2.648604e+00 2.030220e+00 1.035907e+00 1.012508e+00 -1.457307e-02 6.952639e-01 -1.867319e+00 5.822898e+01 -2.073024e-01 -4.307325e-01 1.006520e-01 -4.445587e-01 -2.533019e-01 -5.337808e-01 -2.879869e-01 -1.051056e-01 5.607633e-03 -6.464729e-02 3.476535e-02 1.257666e-02 1.009643e+00 4.233925e-02 5.301036e-02 2.836737e-02 4.406691e-02 3.406553e-02 6.408073e-02 4.239255e-02 3.307609e-02 2.732811e-02 2.058522e-02 1.127811e-02 1.952515e-02 -1.258426e-01
<VARIANCE> 39
 2.223630e+01 2.995917e+01 1.836164e+01 3.145704e+01 2.526205e+01 3.533145e+01 2.508813e+01 2.188945e+01 2.176928e+01 1.933078e+01 1.731938e+01 1.518496e+01 7.372240e+01 1.146822e+00 1.612940e+00 1.115456e+00 2.089406e+00 2.062104e+00 2.824347e+00 2.125849e+00 2.069463e+00 2.016447e+00 1.870971e+00 1.721459e+00 1.518416e+00 4.427094e+00 1.697656e-01 2.514541e-01 1.880155e-01 3.526982e-01 3.515742e-01 4.851921e-01 3.764488e-01 3.684398e-01 3.574421e-01 3.374014e-01 3.047230e-01 2.778924e-01 6.978868e-01
<GCONST> 1.074808e+02
<STATE> 3
<MEAN> 39
 -8.765062e+00 -4.421061e+00 -2.210304e+00 -7.553452e+00 -2.322755e+00 -2.993054e+00 1.742968e+00 2.812365e-01 3.108925e-01 -6.035801e-01 7.777397e-01 -1.558591e+00 5.845592e+01 2.349387e-02 3.983830e-02 1.786475e-02 5.747296e-02 3.183449e-02 4.449375e-02 2.872972e-02 5.319014e-03 -6.839685e-03 8.840198e-04 6.602071e-04 1.122580e-02 -1.239759e-01 1.623292e-03 8.201672e-03 -6.989930e-03 1.239191e-02 6.228631e-03 1.375240e-02 8.708172e-03 -4.109181e-05 -5.220721e-03 -1.381635e-03 -3.603431e-03 -4.578216e-03 -1.412023e-02
<VARIANCE> 39
 1.625574e+01 2.245650e+01 1.595503e+01 2.623891e+01 2.128747e+01 2.853081e+01 2.151612e+01 1.998504e+01 2.046251e+01 1.993681e+01 1.665121e+01 1.470294e+01 4.873964e+01 5.967174e-01 7.599323e-01 6.924458e-01 1.331555e+00 1.392882e+00 1.651969e+00 1.558537e+00 1.550166e+00 1.602646e+00 1.597876e+00 1.471506e+00 1.331165e+00 1.832135e+00 9.361939e-02 1.273302e-01 1.312003e-01 2.446640e-01 2.688624e-01 3.205856e-01 3.158593e-01 3.184350e-01 3.294455e-01 3.270649e-01 3.031565e-01 2.751958e-01 2.705289e-01
<GCONST> 9.591148e+01
<STATE> 4
<MEAN> 39
 -9.128887e+00 -1.251491e+00 -1.311200e+00 -4.486001e+00 -7.761045e-01 -7.723678e-01 2.608577e+00 1.165743e+00 1.134131e+00 1.548994e-01 6.019474e-01 -1.720071e+00 5.351933e+01 6.359536e-06 1.367900e-02 -5.549257e-03 1.131687e-02 9.535862e-03 2.057588e-02 1.039573e-02 1.963736e-03 -4.631795e-04 1.421649e-03 -1.746774e-03 -1.273543e-03 -2.874110e-02 -1.097635e-04 -1.275214e-03 -4.220202e-04 -2.019692e-03 -1.671798e-03 -2.296668e-03 -1.924131e-03 -4.799753e-04 3.206956e-04 1.195798e-04 8.501954e-05 1.103834e-04 1.976808e-03
<VARIANCE> 39
 1.802666e+01 1.607199e+01 1.418469e+01 1.987696e+01 1.840683e+01 2.217545e+01 2.046046e+01 1.987332e+01 1.905112e+01 1.703438e+01 1.505090e+01 1.369814e+01 3.403318e+01 4.336787e-01 5.720907e-01 6.397867e-01 1.056534e+00 1.194067e+00 1.439611e+00 1.450619e+00 1.517525e+00 1.522853e+00 1.484560e+00 1.395062e+00 1.249190e+00 9.590682e-01 6.928116e-02 9.912609e-02 1.217739e-01 1.945427e-01 2.310006e-01 2.779855e-01 2.895636e-01 3.053702e-01 3.084509e-01 3.026606e-01 2.846803e-01 2.550634e-01 1.297146e-01
<GCONST> 8.958932e+01
<TRANSP> 5
 0.000000e+00 1.000000e+00 0.000000e+00 0.000000e+00 0.000000e+00
 0.000000e+00 8.919986e-01 1.080014e-01 0.000000e+00 0.000000e+00
 0.000000e+00 0.000000e+00 9.760897e-01 2.391030e-02 0.000000e+00
 0.000000e+00 0.000000e+00 0.000000e+00 9.947096e-01 5.290426e-03
 0.000000e+00 0.000000e+00 0.000000e+00 0.000000e+00 0.000000e+00
<ENDHMM>
~h "spe"
<BEGINHMM>
<NUMSTATES> 5
<STATE> 2
<MEAN> 39
 -2.923763e+00 -1.794481e+00 -4.825974e-02 -9.978151e+00 -1.641752e+00 1.135927e+00 -5.289980e-01 -4.453128e-01 -3.653678e+00 -4.358728e-01 2.430567e-02 -3.573457e+00 5.526304e+01 1.772996e-01 -5.915371e-01 3.539305e-01 -6.464127e-01 -4.573296e-01 -3.893606e-01 -7.028992e-01 -9.741916e-02 -7.166352e-03 1.739180e-01 1.376289e-01 -1.762270e-01 8.949456e-01 7.405762e-03 -7.873736e-02 1.608386e-02 4.286785e-02 -7.969297e-02 -7.380001e-02 -4.584149e-03 3.197719e-02 8.054274e-02 6.055168e-02 -2.225234e-02 6.697231e-03 2.976564e-02
<VARIANCE> 39
 3.895052e+01 3.975218e+01 4.583956e+01 4.977709e+01 3.949062e+01 4.471518e+01 4.350454e+01 4.611715e+01 3.772889e+01 2.964187e+01 3.306768e+01 2.528659e+01 1.590238e+01 9.014530e-01 1.489982e+00 1.700956e+00 2.145871e+00 2.726538e+00 2.348478e+00 2.333270e+00 2.765857e+00 2.685728e+00 2.431325e+00 2.212937e+00 2.057677e+00 6.478504e-01 1.017987e-01 1.699099e-01 2.073116e-01 2.655956e-01 3.373117e-01 3.327062e-01 3.484975e-01 3.889969e-01 3.761847e-01 3.489423e-01 3.139016e-01 3.042755e-01 7.458415e-02
<GCONST> 1.085026e+02
<STATE> 3
<MEAN> 39
 -2.543434e+00 -5.223428e+00 1.940080e+00 -1.351365e+01 -3.815423e+00 -4.566567e+00 -5.248820e+00 -1.944866e+00 -2.337015e+00 -2.181319e+00 -4.366176e+00 -3.151631e+00 6.181206e+01 6.903125e-03 -2.273448e-02 -3.036180e-02 3.274698e-02 1.880639e-02 -2.607732e-02 9.782165e-04 1.320444e-03 7.703407e-03 -2.468664e-02 -8.976146e-02 -4.297434e-02 2.168146e-02 -3.468264e-03 2.360126e-02 -1.025620e-02 1.913034e-02 1.498933e-02 1.350601e-02 1.470963e-02 -5.710866e-03 -8.015316e-03 -9.369398e-03 -3.285157e-04 5.091487e-03 -2.266420e-02
<VARIANCE> 39
 2.218884e+01 3.806214e+01 7.513156e+01 6.533664e+01 6.688478e+01 6.453510e+01 4.293303e+01 5.811480e+01 3.946407e+01 3.889632e+01 6.312246e+01 3.972988e+01 2.394718e+01 5.628529e-01 9.886135e-01 1.333425e+00 1.580045e+00 1.957623e+00 2.002707e+00 2.087663e+00 2.316650e+00 2.118199e+00 2.098379e+00 2.088001e+00 1.807787e+00 4.258068e-01 7.902724e-02 1.375731e-01 1.957486e-01 2.540459e-01 3.241455e-01 3.579691e-01 3.798499e-01 4.205104e-01 3.984312e-01 3.996373e-01 3.900934e-01 3.397011e-01 4.925539e-02
<GCONST> 1.081340e+02
<STATE> 4
<MEAN> 39
 -1.826871e+00 -3.381760e+00 -1.129045e+00 -5.829601e+00 -3.137921e+00 -7.411829e-01 -8.118522e-01 3.665283e-01 -1.565211e+00 -1.495063e-01 -8.892472e-01 -4.174932e+00 5.375360e+01 -5.374306e-03 1.416446e-02 -8.502868e-03 1.760954e-02 1.070912e-02 8.729544e-03 1.805696e-02 5.254302e-03 5.359794e-03 6.333426e-03 1.181208e-02 9.774091e-03 -2.708946e-02 -1.996076e-04 -1.172537e-03 3.608064e-04 -1.536805e-03 -2.638854e-04 -1.450365e-04 -1.764819e-04 7.646378e-04 1.924878e-04 8.946172e-04 6.260430e-04 -2.378203e-04 4.989575e-04
<VARIANCE> 39
 1.673775e+01 3.188955e+01 3.488738e+01 2.817529e+01 4.461700e+01 4.102100e+01 4.020646e+01 3.402434e+01 3.009788e+01 2.928064e+01 2.943017e+01 2.554760e+01 1.880982e+01 4.036553e-01 7.231313e-01 8.959824e-01 1.039668e+00 1.437730e+00 1.604735e+00 1.694344e+00 1.754038e+00 1.771241e+00 1.736709e+00 1.695861e+00 1.499896e+00 2.374394e-01 5.527126e-02 1.018796e-01 1.353871e-01 1.753710e-01 2.419397e-01 2.858853e-01 3.100836e-01 3.298353e-01 3.437144e-01 3.385094e-01 3.233711e-01 2.839983e-01 2.577966e-02
<GCONST> 9.509341e+01
<TRANSP> 5
 0.000000e+00 1.000000e+00 0.000000e+00 0.000000e+00 0.000000e+00
 0.000000e+00 8.472759e-01 1.527241e-01 0.000000e+00 0.000000e+00
 0.000000e+00 0.000000e+00 9.817395e-01 1.826056e-02 0.000000e+00
 0.000000e+00 0.000000e+00 0.000000e+00 9.969369e-01 3.063107e-03
 0.000000e+00 0.000000e+00 0.000000e+00 0.000000e+00 0.000000e+00
<ENDHMM>
