~o
<STREAMINFO> 1 39
<VECSIZE> 39<NULLD><MFCC_D_A_0><DIAGC>
~h "ap"
<BEGINHMM>
<NUMSTATES> 5
<STATE> 2
<MEAN> 39
 -1.436468e+01 -9.062395e+00 -5.160942e+00 -1.478877e+00 -9.165001e-01 -3.326368e+00 2.326410e+00 -9.629731e-01 -4.312401e-01 -8.205852e-02 4.376248e-01 -9.441448e-01 6.351859e+01 -2.688603e-01 -5.868360e-01 -3.000054e-01 -2.529815e-02 -2.224873e-01 -3.587416e-01 -8.131155e-02 -1.496301e-01 -7.769460e-02 -5.035723e-02 -1.438650e-02 2.142719e-03 9.939498e-01 7.027420e-02 4.809050e-02 2.931734e-02 -1.871676e-03 4.536410e-02 6.591788e-02 5.135187e-02 3.069564e-02 2.589662e-02 1.213779e-02 1.371562e-02 7.015927e-03 -1.572912e-01
<VARIANCE> 39
 3.465834e+01 4.400282e+01 3.269725e+01 2.469888e+01 3.001568e+01 3.916243e+01 3.031357e+01 2.851995e+01 2.323877e+01 2.071766e+01 1.800909e+01 1.569385e+01 1.425282e+02 2.277236e+00 2.934711e+00 1.609745e+00 1.338676e+00 2.081010e+00 3.112525e+00 2.424399e+00 2.395031e+00 2.063292e+00 1.813460e+00 1.601484e+00 1.410411e+00 1.157438e+01 3.290566e-01 4.027230e-01 2.485763e-01 2.380152e-01 3.484696e-01 5.284118e-01 4.483875e-01 4.330874e-01 3.815658e-01 3.385718e-01 3.015501e-01 2.693786e-01 1.706524e+00
<GCONST> 1.149890e+02
<STATE> 3
<MEAN> 39
 -1.128223e+01 -1.692730e+01 -1.122666e+01 2.525865e-01 4.536197e-01 -9.216689e+00 2.052130e-01 -9.740098e-01 -3.704722e+00 -2.830066e+00 8.489251e-01 -5.446116e-01 6.897181e+01 9.276880e-02 4.535809e-02 6.742175e-02 6.367630e-02 8.426499e-02 3.730104e-02 4.057283e-02 1.838534e-02 -3.415052e-04 -1.866701e-03 1.806021e-02 1.425200e-02 -2.547958e-01 -8.706519e-04 1.262698e-02 7.662826e-03 4.252855e-03 5.060920e-03 5.225263e-03 -3.414305e-03 1.670103e-03 6.402953e-05 2.280779e-03 -1.073298e-03 -1.445881e-03 -8.118437e-03
<VARIANCE> 39
 1.531543e+01 2.449748e+01 2.200244e+01 2.513381e+01 3.376093e+01 2.662210e+01 3.061142e+01 2.381803e+01 2.352102e+01 2.139307e+01 1.718321e+01 1.485017e+01 8.395100e+01 6.099632e-01 7.707822e-01 8.507394e-01 1.092668e+00 1.409833e+00 1.485116e+00 1.641198e+00 1.485862e+00 1.517182e+00 1.459092e+00 1.334606e+00 1.225057e+00 4.383560e+00 1.014662e-01 1.398004e-01 1.518173e-01 2.063742e-01 2.631411e-01 2.912462e-01 3.331856e-01 3.056165e-01 3.119411e-01 3.012608e-01 2.731050e-01 2.526522e-01 6.774859e-01
<GCONST> 9.907324e+01
<STATE> 4
<MEAN> 39
 -1.106984e+01 -1.048079e+01 -5.179263e+00 -1.700491e-01 -3.663332e-02 -4.181159e+00 2.691923e+00 -1.249621e+00 -1.692204e+00 -4.099226e-02 6.221308e-01 -8.083219e-01 6.026173e+01 1.486983e-02 2.266694e-02 1.275998e-02 6.167045e-03 3.411059e-03 1.401146e-02 6.046546e-03 9.410930e-03 4.795003e-03 3.690602e-03 -5.965440e-04 -1.437516e-03 -4.211659e-02 -9.234553e-04 -8.079450e-04 -1.612014e-03 -1.544791e-03 -1.745254e-03 -1.771568e-03 -1.510731e-03 -4.310078e-04 -8.581024e-04 -1.361570e-03 -4.268411e-04 -3.243451e-04 2.127951e-03
<VARIANCE> 39
 2.659182e+01 5.611554e+01 2.744099e+01 2.496643e+01 3.378868e+01 3.619491e+01 2.815104e+01 3.139100e+01 2.455595e+01 1.995573e+01 1.699329e+01 1.510533e+01 1.249104e+02 9.338499e-01 1.296278e+00 9.168144e-01 9.657964e-01 1.405014e+00 1.694262e+00 1.604346e+00 1.747105e+00 1.604293e+00 1.459216e+00 1.366548e+00 1.226375e+00 5.177076e+00 1.459996e-01 1.985149e-01 1.568674e-01 1.813499e-01 2.598486e-01 3.189684e-01 3.164813e-01 3.383462e-01 3.257642e-01 2.983119e-01 2.770653e-01 2.498910e-01 7.659326e-01
<GCONST> 1.038631e+02
<TRANSP> 5
 0.000000e+00 1.000000e+00 0.000000e+00 0.000000e+00 0.000000e+00
 0.000000e+00 9.455884e-01 5.441157e-02 0.000000e+00 0.000000e+00
 0.000000e+00 0.000000e+00 9.870009e-01 1.299913e-02 0.000000e+00
 0.000000e+00 0.000000e+00 0.000000e+00 9.947591e-01 5.240831e-03
 0.000000e+00 0.000000e+00 0.000000e+00 0.000000e+00 0.000000e+00
<ENDHMM>
~h "cl"
<BEGINHMM>
<NUMSTATES> 5
<STATE> 2
<MEAN> 39
 -1.190899e+01 -1.775294e+00 -1.195487e+00 -4.017842e+00 -1.587580e+00 4.460001e+00 3.346925e+00 5.568116e-01 3.435512e+00 1.298858e-01 -2.521215e+00 8.031144e-01 5.379340e+01 -3.139543e-01 4.384480e-02 3.967125e-02 -2.723550e-02 -8.879513e-02 1.412868e-01 -7.468093e-02 -1.309702e-01 8.029653e-02 -3.423472e-02 -1.114561e-01 8.541144e-02 2.390922e-01 -3.538037e-02 -2.149199e-03 1.807969e-02 -1.018017e-02 -2.474096e-02 3.892581e-02 -1.149032e-02 -3.307679e-02 1.874772e-02 -4.797191e-03 -3.624890e-02 2.674164e-02 2.475127e-02
<VARIANCE> 39
 3.997529e+01 3.049092e+01 3.092332e+01 1.568493e+01 1.997568e+01 4.466149e+01 2.470918e+01 2.688753e+01 3.415598e+01 2.249121e+01 2.553349e+01 2.244441e+01 5.630593e+01 2.516258e+00 8.284235e-01 7.913713e-01 9.266135e-01 1.326650e+00 2.100463e+00 1.740969e+00 2.069245e+00 2.094636e+00 1.782026e+00 1.811594e+00 1.596259e+00 2.221164e+00 2.995719e-01 1.246637e-01 1.359553e-01 1.680707e-01 2.351417e-01 3.416004e-01 3.108642e-01 3.606480e-01 3.662902e-01 3.300134e-01 3.192714e-01 2.796259e-01 2.802947e-01
<GCONST> 1.036161e+02
<STATE> 3
<MEAN> 39
 -2.008356e+01 2.375335e+00 -8.022190e-01 -6.848024e+00 -4.591813e+00 1.210285e+01 6.135532e-01 -2.139608e+00 8.777851e+00 -3.760065e+00 -4.111093e+00 5.237310e+00 5.889400e+01 2.713013e-02 -5.846849e-03 -7.593105e-03 4.874195e-03 6.700559e-04 -3.732455e-03 5.065840e-03 -1.277617e-02 -7.990553e-03 -3.789079e-04 -4.345756e-03 1.526155e-03 -1.452171e-02 1.116161e-02 -2.066565e-03 -1.841118e-03 1.693217e-03 3.824037e-03 -7.214108e-03 2.501805e-03 4.365565e-03 -5.727059e-03 4.121304e-03 4.243881e-03 -5.319151e-03 -7.929347e-03
<VARIANCE> 39
 5.089045e+01 1.093309e+01 2.010324e+01 1.295761e+01 1.632212e+01 3.436026e+01 2.701294e+01 2.192872e+01 2.769241e+01 2.013351e+01 1.913622e+01 2.089013e+01 2.366232e+01 1.831681e+00 5.006616e-01 8.117326e-01 9.270309e-01 1.245077e+00 1.922522e+00 1.866458e+00 1.696587e+00 1.907168e+00 1.666132e+00 1.561498e+00 1.670789e+00 1.023320e+00 3.354710e-01 9.182765e-02 1.519195e-01 1.843221e-01 2.411226e-01 3.606944e-01 3.626900e-01 3.335095e-01 3.783186e-01 3.389348e-01 3.098835e-01 3.221872e-01 1.884827e-01
<GCONST> 9.790887e+01
<STATE> 4
<MEAN> 39
 -2.223712e+01 5.312060e-01 5.338181e+00 -4.120636e+00 -6.421947e+00 1.061616e+01 1.303784e+00 -5.951804e+00 3.634964e+00 4.346667e+00 -1.146396e+01 4.659841e+00 5.796173e+01 5.126421e-02 -5.094974e-03 4.123014e-03 -7.132260e-03 3.688492e-03 -1.381326e-02 -5.637745e-04 7.302959e-03 2.352993e-04 -4.327669e-03 7.986161e-03 -3.379969e-03 -4.059334e-02 1.981115e-03 7.044897e-04 -2.990609e-03 6.118155e-04 3.086665e-03 -3.396423e-03 4.011806e-04 4.862531e-03 -1.137862e-03 -1.401422e-03 4.809558e-03 -2.672055e-03 -1.697312e-03
<VARIANCE> 39
 3.951619e+01 1.026042e+01 1.677878e+01 1.608604e+01 2.942387e+01 2.984998e+01 2.937515e+01 4.867593e+01 3.878538e+01 3.199983e+01 3.081512e+01 3.179122e+01 3.662992e+01 1.326151e+00 4.735867e-01 9.962784e-01 9.294501e-01 1.384417e+00 1.833544e+00 1.732743e+00 2.462462e+00 2.484482e+00 2.000230e+00 1.856004e+00 1.733544e+00 1.341710e+00 2.467404e-01 8.839056e-02 1.917133e-01 1.824936e-01 2.683252e-01 3.535520e-01 3.412651e-01 4.600767e-01 4.835260e-01 3.865831e-01 3.709971e-01 3.439899e-01 2.537787e-01
<GCONST> 1.033497e+02
<TRANSP> 5
 0.000000e+00 1.000000e+00 0.000000e+00 0.000000e+00 0.000000e+00
 0.000000e+00 9.491372e-01 5.086292e-02 0.000000e+00 0.000000e+00
 0.000000e+00 0.000000e+00 9.921393e-01 7.860684e-03 0.000000e+00
 0.000000e+00 0.000000e+00 0.000000e+00 9.935634e-01 6.436654e-03
 0.000000e+00 0.000000e+00 0.000000e+00 0.000000e+00 0.000000e+00
<ENDHMM>
~h "cm"
<BEGINHMM>
<NUMSTATES> 5
<STATE> 2
<MEAN> 39
 -1.252283e+01 -5.629724e-01 -3.916069e+00 -6.000017e+00 -4.420030e-01 4.956688e-01 -8.593835e-01 1.081439e+00 -7.133197e-01 1.382733e+00 2.793732e+00 2.206423e-01 5.802538e+01 -1.388653e-02 -2.773163e-02 -2.863179e-02 -2.676014e-02 1.141920e-02 -4.423624e-03 -4.222992e-02 -2.095540e-02 -2.779900e-02 -1.053868e-02 2.235908e-03 9.329714e-03 1.311221e-01 1.138786e-02 -2.724299e-03 -1.503850e-03 2.429087e-03 -4.931863e-03 -1.317643e-02 -9.846546e-03 -1.282974e-02 -1.102555e-02 -1.084196e-02 -1.144688e-02 -7.973886e-03 9.759188e-03
<VARIANCE> 39
 1.234076e+01 1.431261e+01 1.330798e+01 1.500142e+01 1.538020e+01 1.673114e+01 2.034177e+01 1.834676e+01 1.846652e+01 1.682382e+01 1.888847e+01 1.705363e+01 2.304841e+01 2.442363e-01 3.727491e-01 5.333698e-01 8.057159e-01 1.005195e+00 1.216630e+00 1.357231e+00 1.440374e+00 1.447178e+00 1.378109e+00 1.375979e+00 1.250966e+00 2.881450e-01 3.600123e-02 6.161482e-02 9.529314e-02 1.466041e-01 1.915480e-01 2.357374e-01 2.643635e-01 2.838872e-01 2.853167e-01 2.726485e-01 2.690268e-01 2.475963e-01 3.057493e-02
<GCONST> 8.107188e+01
<STATE> 3
<MEAN> 39
 -8.865205e+00 -2.514466e+00 -5.059853e+00 -6.166878e+00 -1.874485e+00 -2.383576e+00 -2.984359e+00 -1.541334e+00 -2.765896e+00 -1.143548e+00 -4.600337e-01 -1.566305e+00 6.663982e+01 1.571861e-01 -1.300856e-02 -1.181061e-02 -2.525285e-02 -7.763405e-02 -1.034904e-01 -6.845520e-02 -7.338345e-02 -5.255029e-02 -7.286119e-02 -1.019132e-01 -5.632527e-02 3.564209e-01 5.899932e-04 1.265319e-02 8.776439e-03 1.201806e-02 1.643394e-02 2.655102e-02 2.441878e-02 2.202796e-02 1.591309e-02 1.140862e-02 1.091005e-02 3.661948e-03 -3.182798e-02
<VARIANCE> 39
 1.584996e+01 1.536853e+01 1.414868e+01 1.693697e+01 1.723687e+01 1.689980e+01 1.937774e+01 1.926876e+01 2.021923e+01 1.817170e+01 1.854082e+01 1.600307e+01 5.812380e+01 5.373673e-01 6.832983e-01 7.375897e-01 1.028706e+00 1.224589e+00 1.401141e+00 1.495804e+00 1.587381e+00 1.587627e+00 1.526842e+00 1.496490e+00 1.354162e+00 1.099964e+00 7.556610e-02 1.143167e-01 1.372261e-01 1.933490e-01 2.342255e-01 2.694062e-01 2.944489e-01 3.099850e-01 3.163020e-01 3.053493e-01 2.978964e-01 2.712169e-01 1.317783e-01
<GCONST> 9.130669e+01
<STATE> 4
<MEAN> 39
 -5.472364e+00 -8.600112e-02 -3.825958e+00 -5.083007e+00 -1.483500e+00 -2.017832e+00 -2.798178e+00 -1.665929e+00 -2.559901e+00 -1.909327e+00 -1.214926e+00 -2.317271e+00 6.767865e+01 3.901459e-02 4.021581e-02 5.600381e-02 6.984104e-02 5.474314e-02 3.629033e-02 3.528345e-02 9.750128e-04 4.809589e-03 -1.565025e-03 5.957115e-03 5.958666e-03 -2.169989e-01 -4.538694e-03 -1.295202e-03 -4.785563e-04 -1.457292e-03 -4.683453e-04 -3.839645e-05 1.239459e-04 5.518304e-04 2.269563e-04 1.975307e-03 2.579450e-03 1.101899e-03 -6.878544e-03
<VARIANCE> 39
 9.852569e+00 1.118692e+01 1.230199e+01 1.477354e+01 1.502330e+01 1.452637e+01 1.633854e+01 1.724531e+01 1.805754e+01 1.593521e+01 1.481567e+01 1.285601e+01 6.893715e+01 1.848971e-01 2.900289e-01 4.600652e-01 6.907676e-01 8.760271e-01 1.023302e+00 1.174339e+00 1.263147e+00 1.320238e+00 1.291251e+00 1.245027e+00 1.144125e+00 2.785553e-01 2.841969e-02 5.181909e-02 8.690005e-02 1.325077e-01 1.704776e-01 2.020360e-01 2.344703e-01 2.522908e-01 2.648593e-01 2.605179e-01 2.508255e-01 2.309413e-01 2.219785e-02
<GCONST> 7.706487e+01
<TRANSP> 5
 0.000000e+00 1.000000e+00 0.000000e+00 0.000000e+00 0.000000e+00
 0.000000e+00 9.670169e-01 3.298314e-02 0.000000e+00 0.000000e+00
 0.000000e+00 0.000000e+00 9.572357e-01 4.276428e-02 0.000000e+00
 0.000000e+00 0.000000e+00 0.000000e+00 9.848253e-01 1.517471e-02
 0.000000e+00 0.000000e+00 0.000000e+00 0.000000e+00 0.000000e+00
<ENDHMM>
~h "co"
<BEGINHMM>
<NUMSTATES> 5
<STATE> 2
<MEAN> 39
 -6.864924e+00 -7.974387e+00 -1.173065e+00 -3.213770e+00 -9.179600e+00 -4.182569e+00 -5.334722e+00 5.848763e-01 -1.654598e+00 -4.637465e+00 -4.072033e+00 -5.764136e+00 6.393756e+01 -5.263107e-01 -5.807326e-02 2.807998e-01 -4.160751e-01 -5.375661e-01 -7.702155e-01 -2.208474e-01 -6.052457e-01 -6.919047e-01 -6.338940e-01 -2.821120e-01 -2.132398e-01 2.213204e+00 -4.029642e-02 1.012078e-01 -1.663548e-02 5.334380e-02 2.275367e-01 1.020853e-01 1.334942e-01 4.386554e-02 1.080362e-02 6.488481e-02 1.071618e-01 7.755612e-02 -1.329906e-01
<VARIANCE> 39
 2.166874e+01 4.290576e+01 2.528809e+01 3.628029e+01 7.188303e+01 5.514441e+01 1.024818e+02 6.164415e+01 5.807256e+01 5.704773e+01 4.222830e+01 3.977271e+01 1.076616e+02 1.183544e+00 3.109288e+00 1.898259e+00 2.565523e+00 4.731365e+00 3.350285e+00 4.362818e+00 3.322323e+00 3.519692e+00 2.921579e+00 2.528789e+00 2.425893e+00 4.634797e+00 1.510962e-01 4.869271e-01 3.002752e-01 3.855112e-01 6.232244e-01 5.315319e-01 6.672904e-01 4.972413e-01 5.872011e-01 4.922540e-01 4.441162e-01 3.976744e-01 5.533924e-01
<GCONST> 1.260413e+02
<STATE> 3
<MEAN> 39
 -7.106912e+00 -7.685933e+00 -2.060189e+00 -3.617748e+00 -7.311819e+00 -8.444325e+00 -6.904545e+00 -6.597566e+00 -4.033301e+00 -3.914111e+00 -3.605873e+00 -7.949616e+00 6.814774e+01 7.148967e-02 -1.470770e-02 1.033084e-02 5.016869e-02 8.704636e-02 1.854393e-02 -6.365303e-02 -4.991192e-02 1.518024e-02 3.116865e-02 2.624858e-03 -3.566975e-02 -1.037059e-01 1.526672e-02 -1.231899e-03 3.870429e-03 7.146955e-03 -5.510888e-04 7.926620e-03 -2.191904e-03 6.863585e-03 5.675538e-03 3.072006e-03 -5.529179e-03 -1.819911e-03 -2.906924e-02
<VARIANCE> 39
 1.929805e+01 1.597279e+01 2.730400e+01 2.381160e+01 2.767423e+01 3.029927e+01 4.989633e+01 6.294555e+01 4.238770e+01 4.086503e+01 3.691013e+01 3.637254e+01 5.055140e+01 5.003036e-01 8.333251e-01 9.380703e-01 1.167204e+00 1.839587e+00 1.607880e+00 2.242273e+00 2.388293e+00 2.673487e+00 2.270451e+00 2.012386e+00 1.768696e+00 1.348296e+00 6.967092e-02 1.641592e-01 1.658169e-01 2.197594e-01 3.334548e-01 3.055596e-01 3.990575e-01 4.435699e-01 5.416006e-01 4.475288e-01 3.939327e-01 3.351170e-01 1.611990e-01
<GCONST> 1.055361e+02
<STATE> 4
<MEAN> 39
 -4.319741e+00 -4.182751e+00 2.354494e+00 5.159617e-01 -1.371440e+00 -3.037898e+00 -5.715048e+00 -3.640103e+00 -2.506252e+00 -4.190217e+00 -3.483185e+00 -7.079704e+00 5.798282e+01 6.341898e-02 1.356368e-01 3.526158e-02 4.770789e-02 1.314872e-01 1.017377e-01 8.658603e-02 8.440644e-02 8.104881e-04 7.262134e-03 5.492718e-03 4.143010e-02 -3.022372e-01 -4.687064e-03 -9.526021e-04 -7.345843e-03 -6.977181e-03 -1.097461e-02 -3.530027e-03 3.146545e-04 3.005139e-03 2.825355e-04 -9.155730e-04 -2.147374e-03 -2.282077e-03 5.698191e-03
<VARIANCE> 39
 1.520468e+01 2.778456e+01 2.051327e+01 2.366416e+01 3.118141e+01 3.303357e+01 5.731149e+01 4.449368e+01 3.233217e+01 3.606447e+01 3.109543e+01 2.883730e+01 6.677483e+01 2.841796e-01 5.983614e-01 6.682872e-01 8.381521e-01 1.304844e+00 1.271624e+00 1.749766e+00 1.622839e+00 1.632962e+00 1.709723e+00 1.587905e+00 1.507554e+00 7.476592e-01 4.065812e-02 9.885152e-02 1.204280e-01 1.586058e-01 2.430222e-01 2.410121e-01 3.213792e-01 3.000254e-01 3.219801e-01 3.381201e-01 3.153370e-01 2.994595e-01 6.468483e-02
<GCONST> 9.559154e+01
<TRANSP> 5
 0.000000e+00 1.000000e+00 0.000000e+00 0.000000e+00 0.000000e+00
 0.000000e+00 8.671625e-01 1.328375e-01 0.000000e+00 0.000000e+00
 0.000000e+00 0.000000e+00 9.841292e-01 1.587084e-02 0.000000e+00
 0.000000e+00 0.000000e+00 0.000000e+00 9.811741e-01 1.882589e-02
 0.000000e+00 0.000000e+00 0.000000e+00 0.000000e+00 0.000000e+00
<ENDHMM>
~h "ds"
<BEGINHMM>
<NUMSTATES> 5
<STATE> 2
<MEAN> 39
 -1.403718e+01 -7.592280e-01 8.053239e-02 -6.908724e-01 -8.489198e-02 -1.189098e+00 4.080361e+00 1.506572e-01 2.617771e+00 1.572789e+00 2.507753e+00 8.561299e-01 6.562713e+01 -1.831894e-01 7.801069e-02 -3.069478e-02 -3.221367e-02 -1.658445e-01 -1.000628e-01 -7.858870e-02 -1.286033e-02 2.049486e-02 1.431924e-01 1.366712e-01 1.080495e-01 8.591900e-01 6.659824e-02 1.509193e-02 1.746203e-02 4.077508e-02 4.416955e-02 1.686543e-02 9.899840e-03 7.699350e-03 7.427696e-03 -1.323794e-02 1.830784e-03 -5.399570e-03 -1.474588e-01
<VARIANCE> 39
 2.429074e+01 1.702789e+01 1.644241e+01 2.009559e+01 2.613170e+01 2.176904e+01 2.892056e+01 3.173558e+01 2.466133e+01 2.213562e+01 1.942374e+01 1.608308e+01 1.158352e+02 1.881472e+00 1.065100e+00 1.334773e+00 1.678939e+00 2.144840e+00 2.142425e+00 2.366426e+00 2.229564e+00 2.027612e+00 1.931197e+00 1.908332e+00 1.541738e+00 6.381158e+00 3.076710e-01 1.801551e-01 2.166258e-01 3.090839e-01 3.799115e-01 3.892077e-01 4.237258e-01 4.216405e-01 3.844377e-01 3.663413e-01 3.620597e-01 2.911421e-01 1.015753e+00
<GCONST> 1.090302e+02
<STATE> 3
<MEAN> 39
 -1.311974e+01 7.030407e-01 -1.299327e-01 1.194309e+00 1.155336e+00 -1.213167e+00 2.272430e+00 -1.801504e+00 2.360610e+00 2.515038e+00 3.563822e+00 5.367531e-01 6.810975e+01 2.934188e-01 1.126322e-02 1.101617e-01 1.061723e-01 3.484488e-01 1.356556e-01 7.751332e-02 -6.495196e-02 -7.256962e-02 -6.899940e-02 -3.219263e-02 -1.623926e-01 -7.137467e-01 1.968767e-03 -3.865788e-03 -1.210160e-02 -2.779455e-02 -1.670656e-02 1.016850e-02 1.380471e-02 8.873701e-03 -3.912336e-03 -1.018438e-02 -2.335694e-02 -1.055736e-02 -2.128051e-03
<VARIANCE> 39
 1.019896e+01 9.637547e+00 1.365759e+01 1.669594e+01 2.643929e+01 1.856232e+01 2.070997e+01 1.708257e+01 1.632189e+01 1.470420e+01 1.410021e+01 1.551986e+01 3.426760e+01 1.340452e-01 2.633964e-01 4.357777e-01 6.792533e-01 9.706491e-01 1.094568e+00 1.233978e+00 1.330699e+00 1.374394e+00 1.423739e+00 1.375130e+00 1.234426e+00 6.754380e-02 2.758376e-02 5.334289e-02 9.087187e-02 1.382852e-01 1.981301e-01 2.288880e-01 2.533562e-01 2.710206e-01 2.819738e-01 2.914364e-01 2.832412e-01 2.538159e-01 1.272269e-02
<GCONST> 7.649738e+01
<STATE> 4
<MEAN> 39
 -9.669929e+00 6.455092e-01 1.255801e+00 -5.044486e-01 2.597323e+00 6.058409e-01 3.051003e+00 8.339763e-01 2.257457e+00 -2.658312e-01 1.583149e+00 -7.743352e-01 5.458043e+01 1.808632e-02 9.443438e-03 1.762559e-02 9.142242e-03 3.113912e-03 1.542837e-02 2.070252e-02 2.482113e-02 1.335086e-02 -5.601776e-03 -8.849129e-03 8.625257e-03 -3.453935e-02 -1.568673e-03 2.568995e-06 2.546242e-04 1.465868e-03 -3.065710e-05 -6.557096e-04 -1.732339e-03 -1.448461e-03 7.604265e-05 1.884924e-03 2.042234e-03 1.170994e-03 1.735102e-03
<VARIANCE> 39
 1.725355e+01 1.355744e+01 1.852291e+01 1.935559e+01 2.002390e+01 2.380245e+01 2.618227e+01 2.152489e+01 2.550727e+01 2.321770e+01 1.789720e+01 1.639123e+01 5.090346e+01 5.830985e-01 5.329298e-01 7.050454e-01 9.473122e-01 1.178214e+00 1.439368e+00 1.580648e+00 1.592619e+00 1.674647e+00 1.635442e+00 1.474343e+00 1.299894e+00 8.542444e-01 9.651744e-02 9.718768e-02 1.301420e-01 1.828171e-01 2.295514e-01 2.797333e-01 3.096040e-01 3.159881e-01 3.294408e-01 3.251872e-01 2.951491e-01 2.620034e-01 1.121428e-01
<GCONST> 9.243089e+01
<TRANSP> 5
 0.000000e+00 1.000000e+00 0.000000e+00 0.000000e+00 0.000000e+00
 0.000000e+00 9.404541e-01 5.954585e-02 0.000000e+00 0.000000e+00
 0.000000e+00 0.000000e+00 9.544984e-01 4.550163e-02 0.000000e+00
 0.000000e+00 0.000000e+00 0.000000e+00 9.929295e-01 7.070485e-03
 0.000000e+00 0.000000e+00 0.000000e+00 0.000000e+00 0.000000e+00
<ENDHMM>
~h "kj"
<BEGINHMM>
<NUMSTATES> 5
<STATE> 2
<MEAN> 39
 -1.999883e+01 2.824255e+00 -6.956863e-01 -2.765178e+00 -1.407108e+00 3.142784e+00 2.135168e+00 3.579499e+00 1.283833e+00 -7.347859e-02 1.261163e+00 -1.002755e+00 5.625335e+01 -2.445056e-02 1.690718e-02 5.980930e-03 -3.271414e-03 -1.651668e-03 6.270953e-03 6.383396e-03 6.406452e-04 2.689774e-03 -1.290995e-03 1.133828e-03 3.796649e-04 6.082875e-03 1.701487e-03 -1.301903e-03 -6.058461e-04 5.216622e-04 -4.564394e-04 -7.903194e-04 -7.262711e-04 -2.139611e-04 -9.262476e-04 9.162662e-04 -2.580337e-04 -2.510414e-05 -3.776232e-04
<VARIANCE> 39
 3.336457e+01 2.597878e+01 1.893834e+01 2.664993e+01 1.716380e+01 3.377307e+01 2.963633e+01 2.257602e+01 2.086619e+01 2.087418e+01 1.686933e+01 1.643904e+01 2.456083e+01 6.647369e-01 5.800085e-01 7.675976e-01 9.303688e-01 1.158580e+00 1.426868e+00 1.574736e+00 1.615437e+00 1.597246e+00 1.598880e+00 1.471543e+00 1.321424e+00 4.074870e-01 1.087733e-01 1.056906e-01 1.433143e-01 1.820780e-01 2.255687e-01 2.802252e-01 3.099744e-01 3.212203e-01 3.210379e-01 3.231300e-01 2.974675e-01 2.661094e-01 6.302786e-02
<GCONST> 9.254243e+01
<STATE> 3
<MEAN> 39
 -1.511490e+01 -8.894497e+00 -5.425385e+00 -2.364566e+00 -2.367846e+00 -4.412043e+00 -2.567599e+00 -2.495873e+00 -1.180615e+00 1.776052e-02 6.499726e-01 -1.158801e-01 6.493301e+01 7.935348e-02 -1.574046e-01 -4.954678e-02 3.561673e-02 1.741385e-02 -9.110300e-02 -5.195769e-02 -7.250302e-02 -3.196288e-02 9.995694e-03 -6.134016e-03 1.826633e-02 5.686490e-02 3.518859e-04 1.939054e-02 1.826907e-02 3.123348e-03 6.674682e-03 1.870763e-02 2.723485e-02 1.527873e-02 7.242959e-03 5.205714e-03 -1.007600e-03 -7.792339e-03 -2.261078e-02
<VARIANCE> 39
 2.056458e+01 3.677160e+01 1.541282e+01 1.700304e+01 1.818348e+01 2.086090e+01 2.300867e+01 2.215493e+01 1.941245e+01 1.748627e+01 1.626073e+01 1.433067e+01 7.193401e+01 6.799563e-01 2.193472e+00 1.105975e+00 1.062041e+00 1.264633e+00 1.744175e+00 1.882158e+00 1.797354e+00 1.654571e+00 1.571473e+00 1.437047e+00 1.333462e+00 2.404761e+00 1.057864e-01 3.494779e-01 2.033522e-01 2.013044e-01 2.428497e-01 3.224188e-01 3.517390e-01 3.439568e-01 3.348335e-01 3.182678e-01 2.926171e-01 2.699483e-01 3.168336e-01
<GCONST> 9.957500e+01
<STATE> 4
<MEAN> 39
 -2.124471e+01 5.337662e-01 1.633560e+00 8.447196e-01 -2.657100e+00 -3.001650e-01 6.584343e+00 1.259606e-01 -2.181726e+00 4.628309e+00 4.634280e-01 -3.320534e+00 5.638544e+01 3.273230e-02 8.346825e-03 9.974591e-03 -5.303731e-03 8.701630e-03 6.734944e-03 6.630142e-03 1.506258e-02 1.025794e-02 -6.575508e-03 -2.369006e-03 -2.011099e-03 -3.609076e-02 2.394609e-03 -1.417562e-03 -2.559977e-03 -2.154002e-03 5.431928e-04 -1.190292e-03 -5.005974e-03 -1.197139e-03 -7.723508e-05 -3.096998e-03 8.091411e-04 1.924252e-03 -8.755628e-05
<VARIANCE> 39
 3.845000e+01 2.830733e+01 1.868742e+01 1.893519e+01 1.746075e+01 2.196891e+01 3.436824e+01 2.099187e+01 2.114645e+01 2.351806e+01 1.741713e+01 1.658222e+01 3.103308e+01 4.735844e-01 7.630236e-01 6.950430e-01 9.182353e-01 1.141857e+00 1.329695e+00 1.668515e+00 1.555129e+00 1.582138e+00 1.704611e+00 1.448389e+00 1.302380e+00 5.199499e-01 7.724313e-02 1.321636e-01 1.301538e-01 1.772030e-01 2.239052e-01 2.610753e-01 3.229672e-01 3.120200e-01 3.190867e-01 3.416460e-01 2.907790e-01 2.617401e-01 7.477886e-02
<GCONST> 9.238287e+01
<TRANSP> 5
 0.000000e+00 1.000000e+00 0.000000e+00 0.000000e+00 0.000000e+00
 0.000000e+00 9.940500e-01 5.949992e-03 0.000000e+00 0.000000e+00
 0.000000e+00 0.000000e+00 9.730367e-01 2.696331e-02 0.000000e+00
 0.000000e+00 0.000000e+00 0.000000e+00 9.908898e-01 9.110159e-03
 0.000000e+00 0.000000e+00 0.000000e+00 0.000000e+00 0.000000e+00
<ENDHMM>
~h "kn"
<BEGINHMM>
<NUMSTATES> 5
<STATE> 2
<MEAN> 39
 -2.818765e-01 1.383009e+00 -2.732401e+00 -3.255483e+00 1.283955e+00 -3.214361e-01 6.454141e-01 -9.372349e-01 6.319337e-01 2.226953e-01 -5.969629e-02 -1.207595e+00 5.665507e+01 1.465418e-01 8.593550e-03 -1.267418e-01 1.362358e-01 1.454042e-01 -1.578179e-01 2.216952e-01 -2.565871e-01 4.043338e-01 1.813964e-01 2.356716e-01 1.568906e-01 1.332343e+00 -3.808318e-02 8.321349e-02 5.797497e-02 3.298198e-02 3.270092e-02 1.016411e-01 2.823829e-02 6.427031e-02 -3.866523e-02 -1.300870e-03 7.273899e-03 1.305758e-02 -2.552004e-01
<VARIANCE> 39
 3.117083e+01 3.711074e+01 3.147896e+01 1.338500e+01 2.539445e+01 2.879142e+01 3.276933e+01 4.007209e+01 2.473455e+01 2.343161e+01 2.366085e+01 1.682307e+01 1.057205e+02 2.376178e+00 1.586267e+00 1.861680e+00 1.178911e+00 1.486610e+00 2.444551e+00 2.688178e+00 3.125512e+00 2.253267e+00 2.177990e+00 2.088811e+00 1.697245e+00 5.789972e+00 3.642145e-01 2.416362e-01 2.990950e-01 1.949367e-01 2.476814e-01 4.133539e-01 4.437031e-01 5.297024e-01 3.938871e-01 3.806739e-01 3.489554e-01 2.875386e-01 8.073887e-01
<GCONST> 1.122926e+02
<STATE> 3
<MEAN> 39
 5.383714e+00 -1.145571e+00 -4.132286e+00 -1.024636e-01 3.547041e+00 -7.180546e-01 1.359190e+00 -1.649748e+00 1.403527e+00 3.832043e-01 1.222397e+00 1.564526e-02 6.004889e+01 4.352473e-02 -1.096202e-02 2.021597e-02 3.949858e-02 2.561511e-02 1.407603e-02 1.244031e-02 1.597548e-02 -2.179725e-02 1.894744e-03 -5.864174e-04 6.614074e-03 -5.748693e-02 1.710200e-03 -3.318837e-03 -2.452769e-04 -1.372050e-03 -7.061302e-04 -7.462215e-04 -5.026323e-03 6.167531e-04 -8.096113e-03 -4.928586e-03 -5.647056e-03 -4.672747e-03 -1.287169e-02
<VARIANCE> 39
 1.235969e+01 2.601674e+01 1.627356e+01 1.562073e+01 2.064848e+01 2.540390e+01 2.256149e+01 2.196513e+01 2.140179e+01 2.003999e+01 1.715955e+01 1.637281e+01 3.468679e+01 4.387214e-01 9.329251e-01 8.594806e-01 1.030300e+00 1.296097e+00 1.679219e+00 1.632171e+00 1.817653e+00 1.705419e+00 1.667550e+00 1.543612e+00 1.383582e+00 1.884223e+00 7.855827e-02 1.770915e-01 1.620716e-01 2.045318e-01 2.535598e-01 3.344434e-01 3.383552e-01 3.728891e-01 3.526752e-01 3.467090e-01 3.194531e-01 2.856304e-01 3.289073e-01
<GCONST> 9.616326e+01
<STATE> 4
<MEAN> 39
 3.707869e+00 1.511897e+00 -1.015204e+00 8.195831e-01 4.740097e+00 2.124631e+00 2.161462e+00 5.115943e-01 -3.470549e-02 1.918763e-01 6.470113e-01 -7.272703e-01 5.342388e+01 -1.490925e-01 1.504686e-01 1.962243e-01 2.531238e-02 2.386444e-02 1.959484e-01 -1.152547e-02 1.448951e-01 -7.929960e-02 -1.117116e-02 -2.866934e-02 -5.453013e-02 -4.895978e-01 -9.651822e-03 -1.202339e-02 -8.489833e-03 -1.569528e-02 -1.871306e-02 -1.440516e-02 -6.774276e-03 -9.302851e-03 3.297775e-03 -2.432257e-03 4.434762e-04 -3.855258e-03 2.248834e-02
<VARIANCE> 39
 1.744153e+01 1.916566e+01 1.703824e+01 1.413628e+01 2.212456e+01 2.256868e+01 2.408548e+01 2.131392e+01 2.262113e+01 2.077050e+01 1.780875e+01 1.682475e+01 3.810819e+01 1.797751e-01 2.956926e-01 4.552868e-01 6.569820e-01 8.875540e-01 1.060445e+00 1.240368e+00 1.328424e+00 1.379532e+00 1.440550e+00 1.351941e+00 1.217984e+00 1.196170e-01 2.389854e-02 4.801228e-02 8.537741e-02 1.294783e-01 1.743468e-01 2.094669e-01 2.495627e-01 2.645528e-01 2.782813e-01 2.890904e-01 2.693197e-01 2.445209e-01 8.260999e-03
<GCONST> 7.894296e+01
<TRANSP> 5
 0.000000e+00 1.000000e+00 0.000000e+00 0.000000e+00 0.000000e+00
 0.000000e+00 8.770114e-01 1.229886e-01 0.000000e+00 0.000000e+00
 0.000000e+00 0.000000e+00 9.844238e-01 1.557617e-02 0.000000e+00
 0.000000e+00 0.000000e+00 0.000000e+00 9.603172e-01 3.968278e-02
 0.000000e+00 0.000000e+00 0.000000e+00 0.000000e+00 0.000000e+00
<ENDHMM>
~h "kt"
<BEGINHMM>
<NUMSTATES> 5
<STATE> 2
<MEAN> 39
 -1.190554e+01 -8.179802e-02 -7.241887e+00 -2.474031e+00 1.696836e-01 6.422560e-01 5.415725e+00 2.281345e+00 2.136133e+00 5.132515e-01 9.220921e-01 -1.240767e+00 5.597990e+01 -7.381306e-03 3.862601e-03 -4.185087e-03 4.963763e-03 6.427147e-04 -6.682035e-03 -1.616885e-03 -3.176912e-03 -3.163497e-03 -4.541236e-03 -1.469778e-03 -1.794938e-03 1.266601e-02 2.051609e-03 -1.232369e-04 2.173978e-03 6.535450e-04 7.980060e-04 -4.111859e-04 -8.290210e-04 -9.832601e-04 -9.365531e-04 -4.266881e-04 -6.058957e-04 -1.778936e-05 -2.504831e-03
<VARIANCE> 39
 1.747002e+01 7.754004e+00 8.365602e+00 1.179069e+01 1.352630e+01 1.893325e+01 1.789732e+01 1.647018e+01 1.762709e+01 1.546777e+01 1.521611e+01 1.384393e+01 2.311738e+01 1.165933e+00 4.910205e-01 6.731325e-01 9.407846e-01 1.223824e+00 1.546878e+00 1.643940e+00 1.575512e+00 1.672765e+00 1.592603e+00 1.501199e+00 1.310228e+00 1.351617e+00 2.228718e-01 9.544273e-02 1.340095e-01 1.869169e-01 2.483052e-01 3.139695e-01 3.352245e-01 3.207547e-01 3.387870e-01 3.282511e-01 3.057008e-01 2.656713e-01 2.449621e-01
<GCONST> 9.060842e+01
<STATE> 3
<MEAN> 39
 -1.272042e+01 1.872977e+00 -3.879940e+00 -7.847208e-02 4.441712e-01 -2.075138e+00 2.287936e+00 1.608273e+00 1.447606e+00 -1.104421e+00 -2.116022e-01 -1.516688e+00 5.372003e+01 6.032675e-03 4.519239e-03 -1.772387e-03 5.113676e-03 1.203629e-02 -9.749092e-04 9.299524e-03 -7.637825e-03 2.919232e-03 -4.139407e-03 -7.617052e-05 -1.493159e-03 -7.089652e-03 7.849443e-03 -3.069768e-04 1.125912e-03 -2.204174e-03 2.758164e-03 7.527286e-03 6.190232e-03 5.792279e-03 4.169799e-03 5.916884e-03 3.555092e-03 1.834144e-03 -1.301960e-02
<VARIANCE> 39
 9.323734e+00 9.145008e+00 1.044853e+01 1.326123e+01 1.516209e+01 1.574426e+01 1.840286e+01 1.801182e+01 1.920915e+01 1.824518e+01 1.685527e+01 1.428630e+01 2.152044e+01 8.713747e-01 5.098833e-01 7.597876e-01 9.916385e-01 1.326845e+00 1.421954e+00 1.607389e+00 1.629921e+00 1.736147e+00 1.710006e+00 1.572483e+00 1.372825e+00 1.544357e+00 1.743629e-01 9.986045e-02 1.527275e-01 1.992025e-01 2.669491e-01 2.884837e-01 3.271359e-01 3.312893e-01 3.529815e-01 3.495609e-01 3.205030e-01 2.812102e-01 2.965584e-01
<GCONST> 9.149773e+01
<STATE> 4
<MEAN> 39
 -1.017130e+01 2.972137e+00 -2.925959e+00 -5.134194e-01 4.299313e-01 1.498936e-01 3.079093e+00 3.064929e+00 2.316855e+00 -1.873622e-01 1.905369e-01 -1.801059e+00 4.907162e+01 2.060369e-02 -4.295250e-03 8.541787e-03 -8.731655e-03 2.110871e-03 1.072968e-02 5.147663e-03 6.832423e-03 8.103936e-04 4.901494e-03 2.735392e-03 3.875178e-04 -2.543967e-02 -1.619796e-03 -6.817761e-04 -8.827483e-04 -7.080289e-06 -1.285856e-03 -2.023043e-03 -2.821085e-03 -1.590146e-03 -1.113438e-03 -8.047258e-04 -4.347824e-04 4.413353e-05 2.590071e-03
<VARIANCE> 39
 1.127525e+01 9.341481e+00 1.220344e+01 1.281392e+01 1.706466e+01 1.703597e+01 1.986783e+01 1.774984e+01 1.763058e+01 1.741306e+01 1.490134e+01 1.307362e+01 1.365508e+01 7.280956e-01 4.957860e-01 6.911690e-01 8.670803e-01 1.118997e+00 1.292375e+00 1.438559e+00 1.497677e+00 1.531319e+00 1.519816e+00 1.387396e+00 1.242334e+00 7.575463e-01 1.394423e-01 9.543300e-02 1.367690e-01 1.740550e-01 2.228024e-01 2.580495e-01 2.907430e-01 3.027689e-01 3.123876e-01 3.096290e-01 2.820009e-01 2.529927e-01 1.385243e-01
<GCONST> 8.695808e+01
<TRANSP> 5
 0.000000e+00 1.000000e+00 0.000000e+00 0.000000e+00 0.000000e+00
 0.000000e+00 9.914001e-01 8.599889e-03 0.000000e+00 0.000000e+00
 0.000000e+00 0.000000e+00 9.868621e-01 1.313796e-02 0.000000e+00
 0.000000e+00 0.000000e+00 0.000000e+00 9.927242e-01 7.275726e-03
 0.000000e+00 0.000000e+00 0.000000e+00 0.000000e+00 0.000000e+00
<ENDHMM>
~h "pr"
<BEGINHMM>
<NUMSTATES> 5
<STATE> 2
<MEAN> 39
 -1.514220e+01 -8.465331e+00 -1.137123e+00 -7.957465e+00 2.667166e+00 6.210881e+00 4.676101e+00 6.704420e-01 -1.157739e+00 -1.975013e+00 5.156887e+00 1.333794e-01 5.884461e+01 -4.288880e-02 -1.742351e-02 1.332179e-02 -1.304286e-02 1.728550e-02 1.089757e-02 5.253835e-03 -1.986721e-02 3.186424e-03 -4.980142e-03 -1.090131e-02 4.371542e-02 3.999069e-02 1.265037e-02 3.549522e-03 6.147798e-04 4.046163e-03 -5.013177e-03 -1.157802e-03 -4.036788e-03 4.662830e-03 3.682854e-03 2.472086e-03 -4.522124e-03 -3.774083e-03 -1.142176e-02
<VARIANCE> 39
 3.100080e+01 4.246894e+01 4.897402e+01 3.248946e+01 5.133965e+01 6.669911e+01 5.571949e+01 6.344804e+01 6.211357e+01 3.547708e+01 5.642356e+01 5.413193e+01 2.241721e+01 7.845068e-01 7.737970e-01 1.006494e+00 1.271720e+00 1.505342e+00 1.882267e+00 2.024046e+00 2.258120e+00 2.216998e+00 2.003697e+00 2.157673e+00 1.948496e+00 6.120417e-01 1.108056e-01 1.242796e-01 1.662933e-01 2.204075e-01 2.679971e-01 3.331180e-01 3.733715e-01 3.981747e-01 4.137204e-01 3.703482e-01 3.910969e-01 3.482969e-01 8.312366e-02
<GCONST> 1.078481e+02
<STATE> 3
<MEAN> 39
 -1.992036e+01 3.007247e+00 1.700880e+01 -1.648919e+01 2.326602e+00 1.389322e+01 -5.404008e+00 -3.128634e+00 1.294382e+01 -4.612196e+00 -8.632733e+00 9.360314e+00 5.348160e+01 6.608807e-02 -3.647258e-02 -4.622097e-03 -1.165579e-02 2.650075e-02 -2.887422e-02 -1.248168e-02 4.636202e-02 -2.091001e-02 4.426714e-02 -3.539567e-02 6.974914e-03 -5.591402e-02 3.319518e-03 1.316351e-03 -7.693772e-03 2.967039e-03 6.250400e-03 -8.645089e-03 3.190788e-03 1.189079e-02 -1.057092e-02 9.006023e-04 1.051986e-02 -6.880095e-03 -3.189545e-03
<VARIANCE> 39
 1.781456e+01 1.944465e+01 1.601297e+01 2.928621e+01 2.449674e+01 2.341129e+01 1.668989e+01 3.041289e+01 3.208161e+01 3.749961e+01 3.464183e+01 1.866579e+01 1.369543e+01 6.104612e-01 4.762726e-01 5.525091e-01 8.371052e-01 1.249450e+00 1.288928e+00 1.154360e+00 1.437345e+00 1.628397e+00 1.617489e+00 1.815967e+00 1.084339e+00 2.452675e-01 1.523107e-01 9.539612e-02 1.094537e-01 1.690794e-01 2.572165e-01 2.642002e-01 2.346078e-01 2.952414e-01 3.351025e-01 3.100083e-01 3.445384e-01 2.157700e-01 6.004058e-02
<GCONST> 9.039910e+01
<STATE> 4
<MEAN> 39
 -1.410514e+01 -5.402824e+00 3.913418e+00 -6.680739e+00 3.683421e+00 -1.662755e-01 2.689171e+00 5.391096e+00 3.530431e+00 -1.667185e+00 -3.068454e+00 3.308900e+00 5.414649e+01 3.331643e-02 2.579708e-02 -2.171055e-02 2.108786e-02 -2.073454e-02 -6.912550e-03 1.332469e-02 2.114135e-03 -2.994659e-04 -3.900728e-04 1.171400e-02 -2.020540e-02 -3.199901e-02 -7.909751e-04 4.597288e-04 5.507012e-04 -7.078593e-04 -4.532967e-04 1.676824e-03 -2.053168e-04 -1.264859e-03 3.753066e-05 1.023364e-04 8.944170e-05 -2.481306e-04 3.762190e-04
<VARIANCE> 39
 3.895423e+01 5.710494e+01 5.819918e+01 5.626333e+01 7.862481e+01 1.003595e+02 7.104725e+01 5.941513e+01 5.359951e+01 4.629176e+01 5.615802e+01 6.383183e+01 4.727354e+01 3.235318e-01 3.963423e-01 6.433330e-01 9.294576e-01 1.136445e+00 1.411577e+00 1.461663e+00 1.611294e+00 1.694561e+00 1.681901e+00 1.538517e+00 1.315280e+00 1.629033e-01 5.875482e-02 7.015982e-02 1.167161e-01 1.691484e-01 2.188465e-01 2.689337e-01 2.875218e-01 3.052224e-01 3.246971e-01 3.270291e-01 2.988465e-01 2.531680e-01 2.650429e-02
<GCONST> 1.002185e+02
<TRANSP> 5
 0.000000e+00 1.000000e+00 0.000000e+00 0.000000e+00 0.000000e+00
 0.000000e+00 9.892628e-01 1.073718e-02 0.000000e+00 0.000000e+00
 0.000000e+00 0.000000e+00 9.837834e-01 1.621670e-02 0.000000e+00
 0.000000e+00 0.000000e+00 0.000000e+00 9.953535e-01 4.646482e-03
 0.000000e+00 0.000000e+00 0.000000e+00 0.000000e+00 0.000000e+00
<ENDHMM>
~h "pw"
<BEGINHMM>
<NUMSTATES> 5
<STATE> 2
<MEAN> 39
 -1.310836e+01 -3.019192e+00 -1.454584e+00 -1.505532e+00 1.338031e+00 -1.101836e+00 2.305425e+00 8.119332e-01 7.356974e-01 8.065965e-01 5.495426e-01 -5.648208e-01 5.418936e+01 -1.112252e-03 -3.710886e-03 1.491772e-03 -1.762434e-04 1.634809e-04 -3.522336e-03 3.281091e-04 -1.583119e-03 -1.607661e-03 1.245259e-03 -8.186295e-04 1.029663e-03 2.994852e-03 -1.087925e-04 -9.698491e-04 -5.005571e-04 -5.968834e-04 -1.057565e-03 -1.264255e-03 -1.368040e-03 -7.492659e-04 -7.245010e-04 -3.535083e-05 2.099191e-04 1.435974e-04 1.992620e-03
<VARIANCE> 39
 1.806344e+01 2.740785e+01 1.298924e+01 1.323460e+01 1.558922e+01 1.968466e+01 2.097659e+01 2.214212e+01 1.863613e+01 1.605269e+01 1.477802e+01 1.319854e+01 3.564758e+01 5.550033e-01 8.514282e-01 6.936884e-01 8.783675e-01 1.117003e+00 1.329694e+00 1.467195e+00 1.570273e+00 1.542913e+00 1.468302e+00 1.377851e+00 1.231995e+00 8.969507e-01 9.155789e-02 1.411844e-01 1.313697e-01 1.714227e-01 2.208259e-01 2.635995e-01 2.938034e-01 3.127468e-01 3.141825e-01 3.002217e-01 2.817572e-01 2.515589e-01 1.303949e-01
<GCONST> 9.024969e+01
<STATE> 3
<MEAN> 39
 -1.102973e+01 -7.416752e+00 -3.963020e+00 -3.254086e+00 -3.568660e-01 -5.569949e+00 -1.778594e+00 -4.333540e+00 -2.569208e+00 -1.274858e+00 -2.615298e-01 -4.337736e-01 6.241984e+01 -3.140100e-03 -7.428361e-02 -2.328875e-02 6.972103e-03 -9.435441e-03 -6.413889e-02 -6.730505e-02 -7.361814e-02 -3.781777e-02 -2.166810e-02 2.670752e-03 1.298606e-02 1.038534e-01 7.814193e-03 1.112719e-02 3.463821e-03 4.470140e-03 1.188050e-02 1.689041e-02 1.760410e-02 1.531843e-02 1.051385e-02 5.389064e-03 8.679627e-04 -1.347284e-03 -2.579970e-02
<VARIANCE> 39
 2.296911e+01 2.799832e+01 1.450427e+01 1.429668e+01 1.846318e+01 2.434568e+01 2.370468e+01 2.795379e+01 2.023281e+01 1.768935e+01 1.607045e+01 1.420623e+01 8.436453e+01 6.585867e-01 1.191724e+00 7.890453e-01 9.435236e-01 1.297772e+00 1.668214e+00 1.782866e+00 1.855924e+00 1.638662e+00 1.562115e+00 1.422836e+00 1.313017e+00 4.292631e+00 1.089924e-01 1.852969e-01 1.449408e-01 1.800158e-01 2.510617e-01 3.104632e-01 3.439485e-01 3.508001e-01 3.309496e-01 3.184404e-01 2.908110e-01 2.703589e-01 5.911872e-01
<GCONST> 9.874813e+01
<STATE> 4
<MEAN> 39
 -1.218759e+01 -3.469481e+00 -3.085511e+00 -2.849976e+00 5.397522e-01 -5.650697e-01 2.976050e+00 6.569902e-01 3.563168e-01 5.250548e-01 3.006780e-01 -9.804727e-01 5.510491e+01 1.179074e-02 1.492325e-02 6.080545e-03 -2.638458e-04 4.840504e-03 1.955680e-02 1.697445e-02 2.085077e-02 1.246513e-02 4.489784e-03 5.960558e-04 -3.709550e-03 -3.435606e-02 6.458256e-04 -1.120401e-03 -8.223742e-04 -6.808768e-04 -1.529687e-03 -2.033450e-03 -2.478759e-03 -2.299835e-03 -1.571315e-03 -1.144120e-03 -6.453177e-04 3.416560e-05 1.429253e-03
<VARIANCE> 39
 1.644720e+01 2.107506e+01 1.205120e+01 1.229541e+01 1.360350e+01 2.074087e+01 2.122692e+01 2.074492e+01 1.786813e+01 1.574768e+01 1.421525e+01 1.314594e+01 3.150276e+01 5.271577e-01 7.169296e-01 6.466356e-01 8.363636e-01 1.064694e+00 1.322451e+00 1.476809e+00 1.541043e+00 1.514750e+00 1.458662e+00 1.382098e+00 1.243145e+00 7.594803e-01 8.542901e-02 1.210890e-01 1.232033e-01 1.641411e-01 2.127451e-01 2.616221e-01 2.941190e-01 3.069770e-01 3.087125e-01 2.980731e-01 2.832026e-01 2.543034e-01 1.070323e-01
<GCONST> 8.819304e+01
<TRANSP> 5
 0.000000e+00 1.000000e+00 0.000000e+00 0.000000e+00 0.000000e+00
 0.000000e+00 9.963855e-01 3.614521e-03 0.000000e+00 0.000000e+00
 0.000000e+00 0.000000e+00 9.863552e-01 1.364476e-02 0.000000e+00
 0.000000e+00 0.000000e+00 0.000000e+00 9.961257e-01 3.874319e-03
 0.000000e+00 0.000000e+00 0.000000e+00 0.000000e+00 0.000000e+00
<ENDHMM>
~h "si"
<BEGINHMM>
<NUMSTATES> 5
<STATE> 2
<MEAN> 39
 -8.330807e+00 1.712402e+00 9.772391e-01 -1.959187e+00 1.981087e+00 1.608045e+00 2.209082e+00 3.373005e+00 1.170184e+00 2.454141e-01 2.039009e-01 -1.334155e+00 4.746383e+01 -1.346355e-03 -2.270710e-03 -9.971674e-03 -1.053153e-02 -9.135790e-03 2.055775e-03 8.316655e-03 1.411507e-02 4.739011e-03 9.150275e-03 3.833427e-03 -3.136827e-03 -2.362582e-02 1.091177e-03 -6.104929e-04 -2.121117e-03 -1.776159e-03 -1.460820e-03 8.125546e-04 1.066616e-03 1.001531e-03 5.529156e-04 9.797610e-04 2.483562e-04 -5.826166e-04 -3.806374e-04
<VARIANCE> 39
 2.028086e+01 1.278858e+01 1.462653e+01 1.450029e+01 1.888316e+01 1.919891e+01 2.367604e+01 2.238353e+01 1.892229e+01 1.702707e+01 1.597811e+01 1.414892e+01 2.312815e+01 2.588040e-01 4.027968e-01 5.213929e-01 7.326104e-01 9.528663e-01 1.154377e+00 1.295204e+00 1.394531e+00 1.401423e+00 1.393024e+00 1.305207e+00 1.137841e+00 2.089022e-01 4.216589e-02 7.199526e-02 9.926724e-02 1.429455e-01 1.865700e-01 2.274739e-01 2.578174e-01 2.778988e-01 2.825113e-01 2.815560e-01 2.632924e-01 2.302804e-01 3.015351e-02
<GCONST> 8.137302e+01
<STATE> 3
<MEAN> 39
 -4.737112e+00 -6.161454e-01 -2.199847e+00 -3.084566e+00 1.472320e-01 2.756214e+00 3.625254e+00 3.925126e+00 1.230432e+00 1.127540e+00 1.786064e-01 -2.046756e+00 4.619692e+01 -1.360891e-03 3.414479e-03 -7.356473e-03 -4.894295e-03 -3.637073e-03 4.861425e-03 2.223509e-03 6.699261e-03 1.196539e-03 2.310578e-03 1.722172e-03 -1.002129e-03 -1.012716e-02 -2.396103e-03 1.524205e-04 1.311053e-03 9.227054e-04 3.663524e-04 -2.386715e-03 -1.953931e-03 -2.535157e-03 -8.563083e-04 -1.218211e-03 -1.544063e-04 1.162270e-03 2.369230e-03
<VARIANCE> 39
 5.142683e+00 1.294122e+01 1.154958e+01 1.055022e+01 1.598881e+01 1.590649e+01 1.753209e+01 1.864217e+01 1.694492e+01 1.639326e+01 1.460144e+01 1.306952e+01 1.273596e+01 1.337435e-01 2.663729e-01 4.522410e-01 6.612312e-01 8.939924e-01 1.091331e+00 1.245616e+00 1.349262e+00 1.374794e+00 1.380496e+00 1.291731e+00 1.143105e+00 4.681381e-02 2.463358e-02 5.178773e-02 9.016362e-02 1.336123e-01 1.810576e-01 2.218447e-01 2.534706e-01 2.754421e-01 2.820130e-01 2.839911e-01 2.649145e-01 2.339571e-01 7.832158e-03
<GCONST> 7.223540e+01
<STATE> 4
<MEAN> 39
 -9.221263e+00 -1.299219e+00 -1.618413e+00 -2.808360e+00 -2.006444e-01 6.468233e-03 2.852811e+00 1.930618e+00 1.385826e+00 6.312228e-01 4.917786e-01 -1.108384e+00 5.110206e+01 -1.852734e-02 -4.746888e-03 1.534907e-03 -2.375829e-03 -3.232788e-03 -1.132969e-02 -6.980106e-03 -1.345447e-02 1.826807e-04 -7.648101e-05 3.962496e-03 6.285767e-03 3.566196e-02 1.671871e-03 1.196887e-04 6.343760e-04 5.236064e-04 6.519571e-04 1.944695e-03 8.855495e-04 9.949143e-04 3.167988e-04 3.429248e-04 -7.655017e-05 -8.740254e-04 1.123607e-04
<VARIANCE> 39
 2.087462e+01 1.971316e+01 1.479672e+01 1.579679e+01 1.823984e+01 2.075422e+01 2.188434e+01 2.329647e+01 2.064860e+01 1.791870e+01 1.660430e+01 1.496659e+01 3.558526e+01 4.866244e-01 6.143014e-01 6.370648e-01 8.637671e-01 1.089376e+00 1.313653e+00 1.450168e+00 1.578514e+00 1.531286e+00 1.499934e+00 1.402476e+00 1.242453e+00 6.519696e-01 7.633468e-02 1.052262e-01 1.192223e-01 1.652867e-01 2.119059e-01 2.560782e-01 2.864446e-01 3.131048e-01 3.056785e-01 3.015844e-01 2.819866e-01 2.500104e-01 9.424632e-02
<GCONST> 8.918905e+01
<TRANSP> 5
 0.000000e+00 1.000000e+00 0.000000e+00 0.000000e+00 0.000000e+00
 0.000000e+00 9.882389e-01 1.176111e-02 0.000000e+00 0.000000e+00
 0.000000e+00 0.000000e+00 9.914863e-01 8.513669e-03 0.000000e+00
 0.000000e+00 0.000000e+00 0.000000e+00 9.864906e-01 1.350941e-02
 0.000000e+00 0.000000e+00 0.000000e+00 0.000000e+00 0.000000e+00
<ENDHMM>
~h "st"
<BEGINHMM>
<NUMSTATES> 5
<STATE> 2
<MEAN> 39
 -9.131020e+00 -3.865066e+00 -2.153174e+00 -7.357923e+00 -2.500274e+00 -3.340804e+00 1.274101e+00 1.147101e+00 1.194715e+00 1.448622e-01 8.483134e-01 -1.831104e+00 5.901293e+01 -2.742339e-01 -5.949307e-01 1.616689e-01 -6.144537e-01 -3.281971e-01 -7.366194e-01 -4.017555e-01 -1.330219e-01 2.531055e-02 -7.182656e-02 6.690402e-02 4.095989e-02 1.411711e+00 7.227020e-02 1.030233e-01 3.609471e-02 1.027794e-01 7.826428e-02 1.416351e-01 9.733356e-02 5.486419e-02 3.997830e-02 3.128696e-02 1.030595e-02 2.298910e-02 -2.423592e-01
<VARIANCE> 39
 2.400315e+01 3.211117e+01 1.867524e+01 3.305090e+01 2.663876e+01 3.894481e+01 2.839582e+01 2.384639e+01 2.228343e+01 1.984039e+01 1.796175e+01 1.500578e+01 9.061497e+01 1.267162e+00 1.758256e+00 1.286150e+00 2.201271e+00 2.207135e+00 3.019197e+00 2.335864e+00 2.309947e+00 2.170168e+00 2.005692e+00 1.848949e+00 1.585980e+00 4.879685e+00 1.846540e-01 2.892877e-01 2.140332e-01 3.918694e-01 3.717723e-01 5.308934e-01 4.098362e-01 3.942910e-01 3.691002e-01 3.488063e-01 3.151980e-01 2.795583e-01 8.534009e-01
<GCONST> 1.104719e+02
<STATE> 3
<MEAN> 39
 -8.426847e+00 -2.897545e+00 -1.758472e+00 -6.107128e+00 -1.598881e+00 -1.495674e+00 2.451322e+00 4.713598e-01 3.466427e-01 -3.247426e-01 6.238480e-01 -1.814187e+00 5.623512e+01 7.104210e-04 1.755396e-02 1.388499e-03 1.665184e-02 6.291409e-03 1.690841e-02 9.862144e-03 8.087968e-04 -2.864605e-03 1.471908e-04 -9.812163e-04 1.242483e-03 -3.962798e-02 1.574093e-04 1.535604e-03 -1.857859e-03 2.329795e-03 9.110961e-04 1.341361e-03 1.952538e-04 3.257072e-04 8.250800e-05 7.567539e-04 -9.986792e-05 -5.607819e-04 -1.644163e-03
<VARIANCE> 39
 1.672687e+01 2.112078e+01 1.653916e+01 2.406290e+01 2.034713e+01 2.608082e+01 2.063937e+01 1.979363e+01 2.000639e+01 1.861475e+01 1.607570e+01 1.451885e+01 4.489656e+01 5.615097e-01 7.038217e-01 6.882108e-01 1.222813e+00 1.315439e+00 1.581536e+00 1.534895e+00 1.560557e+00 1.588653e+00 1.551763e+00 1.449273e+00 1.304660e+00 1.595848e+00 8.901845e-02 1.187997e-01 1.306358e-01 2.234061e-01 2.539749e-01 3.045698e-01 3.084770e-01 3.174145e-01 3.238400e-01 3.177713e-01 2.970430e-01 2.682036e-01 2.226207e-01
<GCONST> 9.423414e+01
<STATE> 4
<MEAN> 39
 -9.990871e+00 -2.715697e-01 -1.107284e+00 -3.506633e+00 -2.603765e-01 -7.011658e-01 2.487176e+00 1.795243e+00 1.925308e+00 5.160408e-01 6.407674e-01 -1.515277e+00 5.177732e+01 6.759552e-03 1.520943e-02 -5.843057e-03 1.955315e-02 2.028873e-02 3.114625e-02 1.666595e-02 3.378404e-03 -7.947643e-04 1.319801e-03 -2.668811e-03 -8.331541e-04 -4.596040e-02 -2.460080e-04 -2.658637e-03 -7.356706e-04 -4.340135e-03 -3.665390e-03 -3.365792e-03 -2.418409e-03 -1.766540e-03 -1.699959e-03 -1.501804e-03 -8.405776e-04 -5.461197e-04 3.454990e-03
<VARIANCE> 39
 1.779576e+01 1.129630e+01 1.170416e+01 1.621336e+01 1.672512e+01 2.072977e+01 2.081159e+01 1.922479e+01 1.707399e+01 1.580668e+01 1.428652e+01 1.294762e+01 2.170042e+01 3.317007e-01 4.809586e-01 5.957249e-01 9.550688e-01 1.121474e+00 1.350286e+00 1.380502e+00 1.471420e+00 1.467475e+00 1.439693e+00 1.351257e+00 1.208145e+00 4.619470e-01 5.298724e-02 8.469418e-02 1.133769e-01 1.762638e-01 2.162129e-01 2.606316e-01 2.735544e-01 2.936981e-01 2.958419e-01 2.915357e-01 2.745939e-01 2.452321e-01 6.087498e-02
<GCONST> 8.448784e+01
<TRANSP> 5
 0.000000e+00 1.000000e+00 0.000000e+00 0.000000e+00 0.000000e+00
 0.000000e+00 8.358291e-01 1.641709e-01 0.000000e+00 0.000000e+00
 0.000000e+00 0.000000e+00 9.928589e-01 7.141123e-03 0.000000e+00
 0.000000e+00 0.000000e+00 0.000000e+00 9.893583e-01 1.064163e-02
 0.000000e+00 0.000000e+00 0.000000e+00 0.000000e+00 0.000000e+00
<ENDHMM>
~h "spe"
<BEGINHMM>
<NUMSTATES> 5
<STATE> 2
<MEAN> 39
 -1.889862e+00 -1.856867e+00 -1.925612e+00 -7.943775e+00 -2.376130e+00 -5.994935e-01 -2.453660e+00 -4.603500e-01 -2.854146e+00 8.683138e-01 2.573275e-01 -4.581400e+00 5.601982e+01 -4.845664e-03 -1.052196e-01 1.193824e-01 -9.202751e-02 -1.273568e-01 -1.536308e-01 -1.577940e-01 -5.664950e-02 -1.219643e-02 5.254925e-02 6.024435e-03 -2.107397e-04 2.045416e-01 2.434615e-03 -1.425949e-02 9.876993e-03 1.283170e-02 -2.430285e-02 -1.478565e-02 1.775925e-03 5.549338e-03 1.184922e-02 -4.499634e-03 -7.129748e-03 6.815143e-03 1.664688e-03
<VARIANCE> 39
 2.987823e+01 4.176708e+01 3.286359e+01 4.672260e+01 4.114286e+01 4.473967e+01 3.624332e+01 3.906629e+01 3.241234e+01 3.056617e+01 3.424472e+01 3.096587e+01 1.314916e+01 8.607270e-01 1.201452e+00 1.295638e+00 1.572017e+00 2.060798e+00 2.012728e+00 2.001684e+00 2.210778e+00 2.131730e+00 2.106507e+00 1.954670e+00 1.830673e+00 4.944213e-01 1.057405e-01 1.507669e-01 1.788051e-01 2.268278e-01 3.074529e-01 3.342033e-01 3.412481e-01 3.870647e-01 3.875489e-01 3.804522e-01 3.438801e-01 3.238992e-01 4.644536e-02
<GCONST> 1.042629e+02
<STATE> 3
<MEAN> 39
 -2.621938e+00 -4.998000e+00 2.333307e+00 -1.237290e+01 -4.124485e+00 -5.004069e+00 -5.083830e+00 -1.867689e+00 -2.422612e+00 -2.694035e+00 -4.624016e+00 -3.197665e+00 6.154642e+01 6.726160e-03 1.595862e-02 -6.547300e-02 4.262096e-02 3.875031e-02 9.000834e-03 2.308120e-02 -1.044444e-03 1.141084e-02 -3.695833e-02 -5.110177e-02 -4.239833e-02 -1.730637e-02 -4.456806e-03 1.840918e-02 -1.270334e-02 1.408806e-02 1.895051e-02 1.457365e-02 1.647333e-02 -3.345053e-04 -1.992768e-03 5.986325e-03 6.001391e-03 1.763868e-03 -1.835134e-02
<VARIANCE> 39
 2.136766e+01 3.679282e+01 7.207436e+01 6.476781e+01 6.567189e+01 6.159995e+01 4.255748e+01 5.735791e+01 3.999666e+01 3.604002e+01 5.704705e+01 3.829316e+01 2.371218e+01 5.379609e-01 9.871225e-01 1.270751e+00 1.531722e+00 1.841106e+00 1.934689e+00 2.054894e+00 2.252016e+00 2.080328e+00 2.028138e+00 2.033795e+00 1.752778e+00 4.125093e-01 7.442743e-02 1.325918e-01 1.884554e-01 2.440069e-01 3.098407e-01 3.487445e-01 3.749263e-01 4.079179e-01 3.922346e-01 3.884320e-01 3.833672e-01 3.282281e-01 4.573287e-02
<GCONST> 1.068477e+02
<STATE> 4
<MEAN> 39
 -1.811321e+00 -3.512463e+00 -1.174607e+00 -5.755828e+00 -3.105064e+00 -5.333968e-01 -5.617651e-01 4.743225e-01 -1.438724e+00 -1.090995e-01 -8.553265e-01 -4.132754e+00 5.341321e+01 -1.623795e-03 6.160567e-03 -6.177321e-03 1.208436e-02 1.061410e-02 1.060781e-02 1.649554e-02 1.013485e-02 6.115526e-03 8.441425e-03 9.513811e-03 7.818567e-03 -2.419643e-02 -2.706562e-05 -9.997578e-04 4.600917e-04 -1.505885e-03 -6.611830e-04 -7.692967e-04 -1.199469e-03 -2.321442e-05 -3.283642e-04 -1.792524e-04 -3.602158e-04 -2.615670e-04 6.656773e-04
<VARIANCE> 39
 1.586931e+01 3.101262e+01 3.424203e+01 2.784792e+01 4.447294e+01 3.972174e+01 4.020760e+01 3.323054e+01 2.955285e+01 2.882822e+01 2.868784e+01 2.491850e+01 1.802419e+01 3.683768e-01 6.902890e-01 8.749005e-01 1.013579e+00 1.415082e+00 1.583794e+00 1.681879e+00 1.728188e+00 1.753053e+00 1.719296e+00 1.683459e+00 1.482182e+00 2.312414e-01 5.135003e-02 9.855510e-02 1.324704e-01 1.722198e-01 2.382202e-01 2.821276e-01 3.070064e-01 3.256150e-01 3.399421e-01 3.352970e-01 3.208356e-01 2.813102e-01 2.490094e-02
<GCONST> 9.422057e+01
<TRANSP> 5
 0.000000e+00 1.000000e+00 0.000000e+00 0.000000e+00 0.000000e+00
 0.000000e+00 9.680592e-01 3.194076e-02 0.000000e+00 0.000000e+00
 0.000000e+00 0.000000e+00 9.837845e-01 1.621546e-02 0.000000e+00
 0.000000e+00 0.000000e+00 0.000000e+00 9.966078e-01 3.392135e-03
 0.000000e+00 0.000000e+00 0.000000e+00 0.000000e+00 0.000000e+00
<ENDHMM>
