~o
<STREAMINFO> 1 39
<VECSIZE> 39<NULLD><MFCC_D_A_0><DIAGC>
~h "ap"
<BEGINHMM>
<NUMSTATES> 5
<STATE> 2
<MEAN> 39
 -1.543134e+01 -1.165151e+01 -8.283558e+00 -1.978937e+00 -1.977969e+00 -5.415947e+00 5.408348e-01 -1.484402e+00 -1.578012e+00 -8.693123e-01 -1.078665e-01 -1.218704e+00 6.981284e+01 -4.359539e-01 -8.347257e-01 -3.136109e-01 5.826163e-02 -2.859043e-01 -4.913115e-01 -4.067047e-02 -3.008463e-01 -9.211285e-02 -7.576816e-02 -4.480587e-02 4.683745e-02 1.196012e+00 8.497052e-02 9.415339e-02 6.389800e-02 1.089849e-02 9.481810e-02 9.848906e-02 4.862972e-02 1.821787e-02 2.543334e-02 1.153795e-02 1.401203e-02 6.287116e-03 -2.504577e-01
<VARIANCE> 39
 3.477588e+01 6.518231e+01 4.347287e+01 2.572301e+01 3.152728e+01 4.423114e+01 3.115679e+01 3.265968e+01 2.686791e+01 2.415613e+01 1.992350e+01 1.639415e+01 1.792208e+02 2.849267e+00 3.171153e+00 1.561191e+00 1.467423e+00 2.468225e+00 3.340824e+00 2.453920e+00 2.644981e+00 2.270937e+00 1.971823e+00 1.711169e+00 1.532988e+00 1.302166e+01 3.553288e-01 3.763412e-01 2.054963e-01 2.465313e-01 3.480334e-01 4.874340e-01 4.032194e-01 4.437485e-01 3.863652e-01 3.327088e-01 2.896453e-01 2.687283e-01 1.553635e+00
<GCONST> 1.174281e+02
<STATE> 3
<MEAN> 39
 -1.520980e+01 -1.340655e+01 -8.300441e+00 -1.224712e+00 -1.482692e+00 -5.999363e+00 1.184950e+00 -2.263090e+00 -1.676060e+00 -1.040029e+00 2.308923e-02 -9.205509e-01 6.944444e+01 7.809862e-02 -1.882486e-01 2.894964e-02 1.115900e-01 1.052618e-01 -4.220516e-02 1.032623e-01 -9.050282e-02 -6.351528e-03 -1.941580e-02 2.424143e-02 4.092553e-02 -1.766089e-01 7.028303e-02 8.981110e-02 4.618348e-02 7.072591e-03 5.031918e-02 5.891024e-02 1.719468e-02 3.069869e-02 1.066387e-02 7.643200e-03 9.252301e-03 -1.541891e-03 -1.854536e-01
<VARIANCE> 39
 2.449903e+01 5.101505e+01 3.752933e+01 2.534258e+01 3.226463e+01 3.488554e+01 2.624460e+01 2.778817e+01 2.479115e+01 2.465490e+01 1.915775e+01 1.554645e+01 1.058474e+02 1.237572e+00 1.460208e+00 8.937643e-01 9.653462e-01 1.413074e+00 1.811717e+00 1.613923e+00 1.793542e+00 1.614477e+00 1.530766e+00 1.365971e+00 1.279144e+00 5.741454e+00 1.829917e-01 2.176908e-01 1.543641e-01 1.934417e-01 2.746607e-01 3.471602e-01 3.288215e-01 3.572735e-01 3.375473e-01 3.157889e-01 2.797888e-01 2.646543e-01 8.210091e-01
<GCONST> 1.054504e+02
<STATE> 4
<MEAN> 39
 -1.113337e+01 -1.210010e+01 -6.726206e+00 -6.568885e-02 1.297539e-01 -5.467321e+00 2.058378e+00 -1.119974e+00 -2.179016e+00 -7.850897e-01 7.078841e-01 -7.296695e-01 6.246049e+01 2.769326e-02 1.539070e-02 1.506446e-02 1.624543e-02 1.583059e-02 9.861301e-03 8.606801e-03 1.175403e-02 5.508539e-04 1.107032e-03 4.243864e-03 9.083762e-04 -6.063992e-02 -1.404519e-04 1.519338e-03 1.846979e-04 -4.694990e-04 -4.620227e-04 6.386029e-04 -2.492645e-04 9.847563e-04 2.369689e-04 1.647115e-05 -2.746827e-04 -2.843364e-04 -2.148136e-04
<VARIANCE> 39
 2.359697e+01 5.524870e+01 3.302449e+01 2.500291e+01 3.355722e+01 3.894312e+01 3.013457e+01 2.909065e+01 2.511714e+01 2.178054e+01 1.696717e+01 1.503469e+01 1.263779e+02 8.773118e-01 1.210701e+00 9.333845e-01 1.014244e+00 1.426821e+00 1.687913e+00 1.648104e+00 1.691209e+00 1.593029e+00 1.467717e+00 1.364200e+00 1.228845e+00 5.212396e+00 1.394165e-01 1.903412e-01 1.603146e-01 1.902118e-01 2.638924e-01 3.200933e-01 3.275907e-01 3.322392e-01 3.237042e-01 3.004649e-01 2.771465e-01 2.510606e-01 7.812582e-01
<GCONST> 1.040787e+02
<TRANSP> 5
 0.000000e+00 1.000000e+00 0.000000e+00 0.000000e+00 0.000000e+00
 0.000000e+00 8.571402e-01 1.428598e-01 0.000000e+00 0.000000e+00
 0.000000e+00 0.000000e+00 8.571467e-01 1.428533e-01 0.000000e+00
 0.000000e+00 0.000000e+00 0.000000e+00 9.963257e-01 3.674254e-03
 0.000000e+00 0.000000e+00 0.000000e+00 0.000000e+00 0.000000e+00
<ENDHMM>
~h "cl"
<BEGINHMM>
<NUMSTATES> 5
<STATE> 2
<MEAN> 39
 -1.736359e+01 9.805402e-01 1.621556e+00 -4.435456e+00 -4.412086e+00 8.686951e+00 1.276612e+00 -2.374887e+00 6.159968e+00 7.366565e-01 -5.635041e+00 3.420290e+00 5.545479e+01 -5.240602e-01 7.094120e-02 2.213819e-01 -1.170232e-01 -2.989025e-01 3.779998e-01 -1.156123e-01 -4.346653e-01 2.897084e-01 -9.970529e-02 -3.779114e-01 3.048694e-01 4.132245e-01 5.191581e-02 -1.033196e-02 -6.442659e-03 -8.542180e-03 1.265704e-02 -2.398777e-02 6.608477e-03 1.888090e-02 -2.003548e-02 9.804877e-03 8.055806e-03 -1.817820e-02 -3.778459e-02
<VARIANCE> 39
 5.541329e+01 1.416867e+01 3.089626e+01 1.791287e+01 2.628398e+01 4.190329e+01 2.585292e+01 4.094349e+01 4.477427e+01 3.149815e+01 3.497001e+01 2.665339e+01 3.839412e+01 3.489532e+00 9.204504e-01 1.031299e+00 1.111466e+00 1.693448e+00 2.508857e+00 1.948803e+00 2.831717e+00 2.696322e+00 2.048800e+00 2.153106e+00 1.908369e+00 2.283449e+00 5.037429e-01 1.301916e-01 1.674725e-01 1.835327e-01 2.786844e-01 3.804464e-01 3.232068e-01 4.406079e-01 4.286047e-01 3.435824e-01 3.534166e-01 3.063568e-01 3.281906e-01
<GCONST> 1.091184e+02
<STATE> 3
<MEAN> 39
 -1.877855e+01 1.008777e+00 2.448401e+00 -4.870272e+00 -5.381846e+00 9.989258e+00 9.919575e-01 -3.819962e+00 6.978366e+00 5.900033e-01 -7.089969e+00 4.442641e+00 5.656786e+01 -1.665955e-01 -3.093159e-03 1.063172e-01 -5.513484e-02 -1.209682e-01 1.649770e-01 -3.255529e-02 -1.816030e-01 9.840693e-02 -1.407257e-02 -1.877938e-01 1.285668e-01 1.302382e-01 5.038070e-02 -1.103798e-02 -1.671224e-02 1.088073e-02 2.674593e-02 -3.070900e-02 1.272419e-02 3.775401e-02 -2.784706e-02 1.269997e-02 2.905037e-02 -2.556991e-02 -4.060658e-02
<VARIANCE> 39
 4.629836e+01 1.299562e+01 3.188982e+01 1.833998e+01 2.490553e+01 3.644603e+01 2.598548e+01 4.168903e+01 4.452608e+01 3.675946e+01 3.571798e+01 2.693683e+01 3.277117e+01 2.523395e+00 6.502261e-01 9.870283e-01 1.006593e+00 1.530613e+00 2.142091e+00 1.740436e+00 2.559458e+00 2.522401e+00 1.909454e+00 2.002467e+00 1.801921e+00 1.794027e+00 4.280464e-01 1.125783e-01 1.785715e-01 1.924287e-01 2.872157e-01 3.875691e-01 3.407907e-01 4.608975e-01 4.713056e-01 3.696992e-01 3.700860e-01 3.362657e-01 3.051154e-01
<GCONST> 1.071478e+02
<STATE> 4
<MEAN> 39
 -2.078161e+01 1.164927e+00 2.342355e+00 -5.290777e+00 -5.357318e+00 1.091218e+01 1.146907e+00 -3.962862e+00 5.748076e+00 6.598836e-01 -7.854537e+00 4.685647e+00 5.818189e+01 3.481339e-02 -3.968818e-03 -6.315745e-03 5.972799e-04 6.340872e-03 -1.253235e-02 4.079078e-04 4.211424e-03 -7.271015e-03 -2.092198e-03 8.410797e-03 -5.763384e-03 -2.506212e-02 1.115247e-03 -1.639495e-04 -6.330484e-04 3.261805e-04 7.140752e-04 -1.040985e-03 7.079289e-05 9.263837e-04 -7.080856e-04 1.940014e-04 1.098215e-03 -9.091882e-04 -8.369290e-04
<VARIANCE> 39
 5.035364e+01 1.322363e+01 2.853217e+01 1.647240e+01 2.499253e+01 3.577541e+01 2.864010e+01 4.065537e+01 4.006585e+01 4.196008e+01 4.007045e+01 2.770039e+01 3.360849e+01 1.548871e+00 4.945649e-01 8.986257e-01 9.213418e-01 1.305553e+00 1.863933e+00 1.786400e+00 2.081703e+00 2.194525e+00 1.838237e+00 1.708300e+00 1.687954e+00 1.226893e+00 2.788329e-01 9.075736e-02 1.712128e-01 1.819978e-01 2.533012e-01 3.544002e-01 3.489857e-01 3.978157e-01 4.305956e-01 3.630258e-01 3.409161e-01 3.309980e-01 2.236296e-01
<GCONST> 1.034808e+02
<TRANSP> 5
 0.000000e+00 1.000000e+00 0.000000e+00 0.000000e+00 0.000000e+00
 0.000000e+00 8.560445e-01 1.439555e-01 0.000000e+00 0.000000e+00
 0.000000e+00 0.000000e+00 8.560413e-01 1.439587e-01 0.000000e+00
 0.000000e+00 0.000000e+00 0.000000e+00 9.965325e-01 3.467523e-03
 0.000000e+00 0.000000e+00 0.000000e+00 0.000000e+00 0.000000e+00
<ENDHMM>
~h "cm"
<BEGINHMM>
<NUMSTATES> 5
<STATE> 2
<MEAN> 39
 -1.023396e+01 -4.400951e-01 -4.224682e+00 -6.108449e+00 -1.824597e+00 -9.467843e-01 -1.421587e+00 3.223802e-01 -9.823866e-01 3.194015e-01 1.019457e+00 -8.913732e-01 6.027960e+01 3.000952e-02 -5.689586e-02 -7.427206e-02 -1.451976e-01 -9.465937e-02 -1.117898e-01 -1.648742e-01 -1.115723e-01 -7.413274e-02 -4.925247e-02 -6.354139e-02 1.470307e-02 6.205184e-01 1.029046e-02 2.814495e-03 -4.899990e-03 7.698849e-03 1.267685e-02 7.960742e-03 8.308433e-03 4.163037e-03 -3.592873e-03 3.350834e-03 5.483603e-03 -4.864684e-03 4.337496e-03
<VARIANCE> 39
 1.461526e+01 1.420175e+01 1.502242e+01 1.699538e+01 1.762081e+01 1.896043e+01 2.028502e+01 2.002239e+01 2.018312e+01 1.864820e+01 2.013523e+01 1.554135e+01 6.199217e+01 4.861560e-01 6.356561e-01 6.972942e-01 1.014993e+00 1.279026e+00 1.477740e+00 1.578051e+00 1.618863e+00 1.626690e+00 1.568835e+00 1.561138e+00 1.357617e+00 9.245849e-01 5.766596e-02 8.771617e-02 1.101916e-01 1.604528e-01 2.090476e-01 2.420538e-01 2.708884e-01 2.800079e-01 2.848722e-01 2.710150e-01 2.648726e-01 2.349384e-01 1.013626e-01
<GCONST> 8.932896e+01
<STATE> 3
<MEAN> 39
 -9.841674e+00 -7.338720e-01 -4.644551e+00 -6.636134e+00 -2.084371e+00 -1.403847e+00 -2.096673e+00 -1.856833e-01 -1.457422e+00 4.942932e-02 7.083305e-01 -9.678685e-01 6.365321e+01 5.804490e-02 -3.980632e-02 -5.741534e-02 -6.685406e-02 -3.066113e-02 -5.991557e-02 -8.821713e-02 -6.775475e-02 -6.645904e-02 -3.712955e-02 -4.219912e-02 -1.346224e-02 4.606016e-01 3.274366e-03 2.311487e-03 3.096721e-03 1.126227e-02 8.534402e-03 7.136353e-03 1.086835e-02 6.270480e-03 1.553883e-03 1.486537e-03 2.715300e-03 -3.822906e-03 -2.505762e-02
<VARIANCE> 39
 1.722354e+01 1.262513e+01 1.408657e+01 1.529840e+01 1.650480e+01 1.832353e+01 1.924582e+01 1.943571e+01 1.955773e+01 1.878956e+01 2.141048e+01 1.616077e+01 6.984047e+01 3.927677e-01 4.883246e-01 6.303279e-01 9.164633e-01 1.111857e+00 1.283390e+00 1.420701e+00 1.497172e+00 1.498786e+00 1.417477e+00 1.411379e+00 1.264138e+00 6.178904e-01 5.460217e-02 8.421075e-02 1.138735e-01 1.700814e-01 2.154507e-01 2.509924e-01 2.816351e-01 2.969521e-01 3.017080e-01 2.856668e-01 2.798189e-01 2.535578e-01 7.087541e-02
<GCONST> 8.736019e+01
<STATE> 4
<MEAN> 39
 -7.643761e+00 -6.942353e-01 -4.042384e+00 -5.413896e+00 -1.207834e+00 -1.487566e+00 -2.417972e+00 -1.078505e+00 -2.251799e+00 -1.071319e+00 -1.720350e-01 -1.606177e+00 6.542686e+01 4.930553e-02 2.063961e-02 3.280495e-02 4.431146e-02 2.852364e-02 9.817176e-03 1.147764e-02 -9.782583e-03 -7.306477e-03 -1.440921e-02 -1.120182e-02 -6.153317e-03 -9.032355e-02 -3.297291e-04 8.715854e-04 1.331413e-03 1.193522e-03 5.266562e-04 1.072457e-03 1.387474e-03 8.476357e-04 6.343742e-04 3.258161e-04 1.963509e-04 -2.157225e-04 -7.162170e-03
<VARIANCE> 39
 2.041960e+01 1.367046e+01 1.293698e+01 1.529109e+01 1.557435e+01 1.659242e+01 1.848726e+01 1.908714e+01 1.905074e+01 1.826163e+01 1.908423e+01 1.556358e+01 7.106239e+01 2.498566e-01 3.651002e-01 5.158112e-01 7.613960e-01 9.491501e-01 1.116463e+00 1.254014e+00 1.345938e+00 1.382938e+00 1.341447e+00 1.307263e+00 1.199097e+00 4.123998e-01 3.738055e-02 6.394292e-02 9.707110e-02 1.456084e-01 1.850342e-01 2.207871e-01 2.507825e-01 2.693198e-01 2.782612e-01 2.714552e-01 2.635151e-01 2.427427e-01 4.055507e-02
<GCONST> 8.253431e+01
<TRANSP> 5
 0.000000e+00 1.000000e+00 0.000000e+00 0.000000e+00 0.000000e+00
 0.000000e+00 8.569904e-01 1.430095e-01 0.000000e+00 0.000000e+00
 0.000000e+00 0.000000e+00 8.569756e-01 1.430244e-01 0.000000e+00
 0.000000e+00 0.000000e+00 0.000000e+00 9.905367e-01 9.463251e-03
 0.000000e+00 0.000000e+00 0.000000e+00 0.000000e+00 0.000000e+00
<ENDHMM>
~h "co"
<BEGINHMM>
<NUMSTATES> 5
<STATE> 2
<MEAN> 39
 -8.441517e+00 -7.071819e+00 -1.198607e+00 -3.388972e+00 -8.670298e+00 -5.527091e+00 -3.776420e+00 -1.786033e+00 -2.097846e+00 -3.789786e+00 -3.087192e+00 -6.143993e+00 6.612328e+01 -3.630309e-01 -1.591938e-01 1.566902e-01 -2.329882e-01 -2.621933e-01 -5.566647e-01 -2.233785e-01 -5.597571e-01 -4.559609e-01 -3.569803e-01 -1.691190e-01 -1.424486e-01 1.590374e+00 1.155155e-02 4.669954e-02 -1.492775e-02 3.039531e-02 1.119810e-01 5.399096e-02 5.644004e-02 2.950310e-02 -2.580069e-03 4.108366e-02 3.508010e-02 2.883646e-02 -1.140872e-01
<VARIANCE> 39
 2.086704e+01 2.824104e+01 2.843238e+01 3.255001e+01 5.813187e+01 5.051160e+01 7.103442e+01 6.978937e+01 4.861269e+01 4.374895e+01 3.930876e+01 3.295753e+01 1.083193e+02 9.677387e-01 2.034276e+00 1.612452e+00 2.120121e+00 3.773582e+00 2.909243e+00 3.471847e+00 2.912170e+00 3.072650e+00 2.827933e+00 2.310572e+00 2.151487e+00 4.148547e+00 1.196785e-01 3.009649e-01 2.401663e-01 2.891576e-01 4.417208e-01 4.085995e-01 5.170397e-01 4.209021e-01 4.814234e-01 4.427762e-01 3.808558e-01 3.477730e-01 3.514935e-01
<GCONST> 1.188579e+02
<STATE> 3
<MEAN> 39
 -9.131125e+00 -7.565182e+00 -1.369104e+00 -3.631250e+00 -8.120463e+00 -7.248819e+00 -4.753718e+00 -4.315117e+00 -3.585316e+00 -4.357804e+00 -3.280645e+00 -6.766953e+00 7.014142e+01 -6.937557e-02 -5.991817e-02 -4.284482e-02 -1.403369e-02 1.126920e-01 -2.105471e-01 -1.306079e-01 -3.360099e-01 -1.825000e-01 -5.306132e-02 -1.382530e-02 -8.371871e-02 4.595597e-01 4.405783e-02 1.036719e-02 -2.911789e-02 3.027868e-02 4.608329e-02 4.746992e-02 8.230865e-03 3.134349e-02 4.251117e-02 4.254087e-02 2.026814e-02 5.788716e-03 -1.622646e-01
<VARIANCE> 39
 1.881452e+01 1.953548e+01 2.710561e+01 2.826179e+01 3.983167e+01 4.081007e+01 5.893927e+01 6.733526e+01 4.268720e+01 4.094665e+01 3.788437e+01 3.369395e+01 5.715421e+01 6.770135e-01 1.141124e+00 1.108602e+00 1.325830e+00 2.339950e+00 2.065634e+00 2.573544e+00 2.301139e+00 2.582965e+00 2.429090e+00 1.988890e+00 1.855404e+00 2.612640e+00 9.343649e-02 2.108567e-01 1.984091e-01 2.376765e-01 3.731560e-01 3.685170e-01 4.605509e-01 4.173676e-01 4.754819e-01 4.429359e-01 3.835228e-01 3.494455e-01 2.100569e-01
<GCONST> 1.104104e+02
<STATE> 4
<MEAN> 39
 -5.527519e+00 -6.055648e+00 3.954058e-02 -1.602235e+00 -4.425354e+00 -5.794908e+00 -6.555623e+00 -5.123205e+00 -3.281974e+00 -4.076733e+00 -3.631766e+00 -7.567883e+00 6.293791e+01 6.313526e-02 6.716690e-02 3.503434e-02 3.906380e-02 8.626855e-02 5.583047e-02 1.271599e-02 2.761750e-02 2.222566e-03 3.988266e-03 -3.560000e-03 -6.799545e-04 -1.843367e-01 1.982503e-04 2.147880e-03 3.247045e-04 5.294378e-04 -6.577618e-05 3.397729e-03 3.941863e-03 4.538543e-03 1.599132e-03 4.570357e-04 -3.805756e-04 9.702808e-04 -5.492767e-03
<VARIANCE> 39
 1.830401e+01 2.579933e+01 2.881871e+01 2.797270e+01 3.853044e+01 3.912337e+01 5.498875e+01 5.699976e+01 3.887712e+01 3.949048e+01 3.423819e+01 3.359553e+01 8.182923e+01 4.127422e-01 7.825995e-01 8.226561e-01 1.042452e+00 1.644031e+00 1.472869e+00 2.054675e+00 2.055880e+00 2.225487e+00 2.017728e+00 1.828216e+00 1.660244e+00 1.202692e+00 5.663570e-02 1.435533e-01 1.462333e-01 1.960733e-01 3.027874e-01 2.796353e-01 3.693941e-01 3.808295e-01 4.462629e-01 3.982389e-01 3.614731e-01 3.207539e-01 1.253307e-01
<GCONST> 1.037691e+02
<TRANSP> 5
 0.000000e+00 1.000000e+00 0.000000e+00 0.000000e+00 0.000000e+00
 0.000000e+00 8.566468e-01 1.433532e-01 0.000000e+00 0.000000e+00
 0.000000e+00 0.000000e+00 8.566481e-01 1.433519e-01 0.000000e+00
 0.000000e+00 0.000000e+00 0.000000e+00 9.908854e-01 9.114661e-03
 0.000000e+00 0.000000e+00 0.000000e+00 0.000000e+00 0.000000e+00
<ENDHMM>
~h "ds"
<BEGINHMM>
<NUMSTATES> 5
<STATE> 2
<MEAN> 39
 -1.454758e+01 -4.284829e-01 -5.553074e-01 -4.454284e-01 -6.036221e-01 -1.221545e+00 2.811698e+00 -4.493610e-01 2.804925e+00 1.759905e+00 2.529360e+00 8.673892e-01 6.801282e+01 -2.220396e-01 7.182141e-02 7.527972e-02 -8.800196e-03 -4.060697e-02 -1.033031e-01 -3.704256e-02 -1.417479e-02 -1.872696e-02 1.339509e-01 1.806912e-01 1.045397e-01 1.024746e+00 9.994795e-02 4.104849e-02 2.468165e-02 4.677552e-02 5.366529e-02 3.775970e-02 2.716861e-02 5.314374e-03 8.904752e-04 -1.128369e-02 -1.594475e-03 -4.036387e-03 -1.661609e-01
<VARIANCE> 39
 2.455029e+01 1.631623e+01 1.661132e+01 2.096610e+01 2.665492e+01 2.230277e+01 2.700822e+01 2.829823e+01 2.452097e+01 2.195568e+01 2.021390e+01 1.631600e+01 9.562589e+01 2.049327e+00 1.206287e+00 1.268997e+00 1.818624e+00 2.126077e+00 2.219020e+00 2.419496e+00 2.222432e+00 2.156291e+00 2.019458e+00 1.951075e+00 1.628240e+00 5.262455e+00 2.748039e-01 1.812797e-01 1.865788e-01 3.050419e-01 3.295858e-01 3.686950e-01 3.927712e-01 3.733326e-01 3.699701e-01 3.416261e-01 3.330546e-01 2.776811e-01 5.842469e-01
<GCONST> 1.075801e+02
<STATE> 3
<MEAN> 39
 -1.415102e+01 1.430410e-01 -3.579594e-02 2.427957e-01 9.659499e-02 -1.136497e+00 3.023646e+00 -5.650243e-01 2.630272e+00 2.147613e+00 3.101517e+00 1.030033e+00 6.915010e+01 9.888759e-02 8.396708e-02 7.921562e-02 1.152848e-01 1.272300e-01 2.721232e-02 4.287946e-02 -1.608272e-02 -2.473457e-02 4.226509e-02 6.719384e-02 9.316065e-03 3.475621e-02 4.008686e-02 -2.390362e-03 -1.684097e-03 1.397198e-02 2.071784e-02 1.703088e-02 1.026121e-02 -5.639159e-04 -8.924059e-04 -1.354697e-02 -1.827927e-02 -1.492064e-02 -1.390204e-01
<VARIANCE> 39
 1.860740e+01 1.548944e+01 1.580413e+01 2.024698e+01 2.697454e+01 2.091240e+01 2.519641e+01 2.462022e+01 2.098618e+01 1.887366e+01 1.697054e+01 1.540661e+01 8.480276e+01 1.091337e+00 7.508253e-01 9.779719e-01 1.266095e+00 1.631997e+00 1.689282e+00 1.822373e+00 1.788960e+00 1.751950e+00 1.704774e+00 1.649049e+00 1.407801e+00 4.211515e+00 1.961994e-01 1.401353e-01 1.726492e-01 2.493609e-01 3.082119e-01 3.347810e-01 3.589474e-01 3.616390e-01 3.562561e-01 3.433576e-01 3.335906e-01 2.823783e-01 6.160960e-01
<GCONST> 1.014477e+02
<STATE> 4
<MEAN> 39
 -1.018629e+01 5.749574e-01 1.079831e+00 -3.323461e-01 2.366997e+00 3.296251e-01 3.062643e+00 5.261057e-01 2.269593e+00 1.066280e-01 1.837400e+00 -5.767109e-01 5.634437e+01 4.052679e-02 1.105834e-02 2.013553e-02 1.420077e-02 2.835893e-02 2.395493e-02 1.962176e-02 1.241723e-02 5.577959e-03 -6.537825e-03 -7.991805e-03 -7.800234e-03 -7.959491e-02 -1.814251e-05 -5.482649e-04 -5.487968e-04 -7.659812e-04 -7.826831e-04 2.701218e-04 -1.642887e-04 5.244014e-04 2.969558e-04 -7.407288e-05 -3.591690e-04 -1.765247e-04 -1.337091e-03
<VARIANCE> 39
 1.812748e+01 1.333142e+01 1.801380e+01 1.930237e+01 2.120442e+01 2.349802e+01 2.591359e+01 2.227960e+01 2.441776e+01 2.301995e+01 1.789735e+01 1.649651e+01 6.949059e+01 5.856575e-01 5.148734e-01 6.998538e-01 9.380799e-01 1.208361e+00 1.424969e+00 1.570933e+00 1.588947e+00 1.648002e+00 1.620064e+00 1.478389e+00 1.301705e+00 1.086835e+00 9.738895e-02 9.453805e-02 1.296484e-01 1.821164e-01 2.333269e-01 2.781010e-01 3.082190e-01 3.164350e-01 3.258739e-01 3.233718e-01 2.971779e-01 2.623024e-01 1.508161e-01
<GCONST> 9.321471e+01
<TRANSP> 5
 0.000000e+00 1.000000e+00 0.000000e+00 0.000000e+00 0.000000e+00
 0.000000e+00 8.514912e-01 1.485088e-01 0.000000e+00 0.000000e+00
 0.000000e+00 0.000000e+00 8.514842e-01 1.485157e-01 0.000000e+00
 0.000000e+00 0.000000e+00 0.000000e+00 9.940041e-01 5.995953e-03
 0.000000e+00 0.000000e+00 0.000000e+00 0.000000e+00 0.000000e+00
<ENDHMM>
~h "kj"
<BEGINHMM>
<NUMSTATES> 5
<STATE> 2
<MEAN> 39
 -1.384466e+01 -7.758128e-01 -3.255312e+00 -1.731652e+00 -1.404833e+00 -4.108433e-01 1.055189e+00 8.788618e-01 -8.983439e-02 1.386160e+00 6.823839e-01 -1.380839e+00 5.506112e+01 -3.098432e-01 -1.600044e-01 -1.565560e-01 8.632253e-03 -1.042239e-01 -1.910349e-01 -1.327252e-01 -2.205500e-01 -5.365814e-02 1.889747e-03 -2.939955e-02 2.078468e-02 4.670210e-01 1.386820e-02 1.608353e-02 1.121330e-02 -1.447232e-03 6.637434e-03 2.058455e-02 1.011896e-02 1.906371e-02 1.047044e-03 2.080901e-03 -3.528726e-03 -2.978128e-03 -3.329937e-02
<VARIANCE> 39
 1.985193e+01 3.165483e+01 1.897138e+01 1.811130e+01 1.745204e+01 2.625894e+01 2.899221e+01 2.497179e+01 2.221881e+01 1.973279e+01 1.665204e+01 1.694040e+01 3.729272e+01 8.916191e-01 1.100336e+00 1.159092e+00 1.089450e+00 1.470876e+00 1.667305e+00 1.951097e+00 1.874976e+00 1.793097e+00 1.796402e+00 1.549458e+00 1.439345e+00 1.120476e+00 1.215338e-01 1.592502e-01 1.716473e-01 1.800894e-01 2.398141e-01 2.760592e-01 3.206854e-01 3.128772e-01 3.020038e-01 3.121349e-01 2.696854e-01 2.514884e-01 1.348265e-01
<GCONST> 9.701820e+01
<STATE> 3
<MEAN> 39
 -1.532828e+01 -9.709038e-01 -3.582616e+00 -1.756603e+00 -1.575279e+00 -6.869870e-01 6.719719e-01 3.729488e-01 -2.491594e-01 1.340831e+00 6.596346e-01 -1.312308e+00 5.664093e+01 -1.994072e-01 -1.348896e-02 -3.445643e-02 -5.015698e-03 -1.543717e-02 -2.301638e-02 -4.623302e-02 -5.603272e-02 -1.914040e-02 -7.715748e-03 -2.975398e-04 8.636182e-03 1.980541e-01 1.555600e-02 2.082620e-02 1.758954e-02 -1.929475e-03 1.294595e-02 2.372857e-02 1.222042e-02 2.340422e-02 5.208899e-03 -1.586470e-03 4.924596e-03 -1.528493e-03 -3.795547e-02
<VARIANCE> 39
 2.167562e+01 3.318516e+01 2.176624e+01 1.744154e+01 1.789902e+01 2.609830e+01 2.961117e+01 2.525865e+01 2.292930e+01 2.090996e+01 1.670008e+01 1.722308e+01 3.516976e+01 7.141840e-01 9.532533e-01 9.381531e-01 1.016643e+00 1.282655e+00 1.503438e+00 1.752167e+00 1.744272e+00 1.677656e+00 1.671058e+00 1.473977e+00 1.369174e+00 8.146676e-01 1.189542e-01 1.686127e-01 1.735111e-01 1.980568e-01 2.486424e-01 2.922316e-01 3.457119e-01 3.399774e-01 3.312476e-01 3.394150e-01 3.014156e-01 2.781758e-01 1.193499e-01
<GCONST> 9.639052e+01
<STATE> 4
<MEAN> 39
 -2.010107e+01 7.162287e-01 -3.022551e-01 -1.446647e+00 -1.977190e+00 1.127474e+00 3.237517e+00 1.708178e+00 -2.164547e-01 1.585720e+00 9.221846e-01 -1.722904e+00 5.738919e+01 1.990386e-02 -2.876532e-03 5.313562e-03 5.436480e-04 7.179276e-03 -2.908458e-04 3.741267e-03 3.348238e-03 2.997335e-03 -1.751789e-03 -2.961587e-04 1.045323e-03 -1.822274e-02 1.182668e-03 2.871430e-04 3.094928e-04 -3.089453e-05 3.103536e-04 3.993991e-04 6.052768e-04 3.391424e-04 2.016353e-04 1.212275e-05 -5.610675e-06 -1.676538e-04 -1.372179e-03
<VARIANCE> 39
 3.633987e+01 4.160704e+01 2.257322e+01 2.603784e+01 1.772556e+01 3.488307e+01 3.920316e+01 2.681089e+01 2.348352e+01 2.665213e+01 1.714536e+01 1.772873e+01 4.016914e+01 5.882569e-01 8.271537e-01 7.692667e-01 9.363508e-01 1.154840e+00 1.422929e+00 1.633332e+00 1.605875e+00 1.591980e+00 1.627343e+00 1.456518e+00 1.311758e+00 6.629454e-01 9.633183e-02 1.426700e-01 1.445489e-01 1.822911e-01 2.261596e-01 2.782054e-01 3.187774e-01 3.203390e-01 3.221401e-01 3.290664e-01 2.949049e-01 2.649788e-01 9.557911e-02
<GCONST> 9.609699e+01
<TRANSP> 5
 0.000000e+00 1.000000e+00 0.000000e+00 0.000000e+00 0.000000e+00
 0.000000e+00 8.571249e-01 1.428751e-01 0.000000e+00 0.000000e+00
 0.000000e+00 0.000000e+00 8.571370e-01 1.428630e-01 0.000000e+00
 0.000000e+00 0.000000e+00 0.000000e+00 9.966775e-01 3.322540e-03
 0.000000e+00 0.000000e+00 0.000000e+00 0.000000e+00 0.000000e+00
<ENDHMM>
~h "kn"
<BEGINHMM>
<NUMSTATES> 5
<STATE> 2
<MEAN> 39
 2.116630e+00 -2.664805e-01 -4.167146e+00 -1.794520e+00 2.219562e+00 -8.638079e-01 1.584715e+00 -1.948984e+00 1.685665e+00 -2.680580e-02 6.336520e-01 -4.260629e-01 6.028040e+01 1.633331e-01 9.370065e-02 5.746530e-02 2.340029e-01 2.070754e-01 -1.009064e-02 2.426572e-01 -1.707653e-01 3.063982e-01 2.030405e-01 1.914239e-01 1.744498e-01 8.308514e-01 -1.916521e-02 3.699535e-02 2.748281e-02 4.987219e-03 8.219915e-03 5.213135e-02 -5.681154e-03 2.255419e-02 -6.368302e-02 -2.883372e-02 -1.460303e-02 -8.717029e-03 -2.134754e-01
<VARIANCE> 39
 2.227556e+01 2.997506e+01 2.091456e+01 1.580952e+01 2.454354e+01 2.703033e+01 2.546646e+01 3.263405e+01 2.154053e+01 2.168806e+01 2.010328e+01 1.744954e+01 7.202818e+01 1.874934e+00 1.376317e+00 1.410637e+00 1.115000e+00 1.429535e+00 2.349761e+00 2.399517e+00 2.890735e+00 2.169662e+00 2.120230e+00 2.001209e+00 1.677521e+00 5.595062e+00 2.587898e-01 1.992314e-01 2.134786e-01 1.817845e-01 2.367719e-01 3.693233e-01 3.928852e-01 4.630964e-01 3.601194e-01 3.554754e-01 3.204206e-01 2.825209e-01 5.903750e-01
<GCONST> 1.071549e+02
<STATE> 3
<MEAN> 39
 3.246481e+00 8.776408e-02 -3.663959e+00 -6.774547e-01 3.287571e+00 -4.648567e-01 2.145160e+00 -2.225009e+00 1.961369e+00 3.766964e-01 1.123379e+00 4.712093e-02 6.057141e+01 1.613487e-01 4.392774e-02 7.152905e-02 1.501285e-01 1.452678e-01 6.185142e-02 6.101080e-02 -2.556378e-02 1.117972e-02 4.135006e-02 5.579523e-02 5.496985e-02 -3.871560e-02 1.525576e-03 -1.150308e-02 -6.019888e-04 -1.355448e-02 -1.043423e-02 5.807944e-03 -2.730848e-02 2.028511e-02 -3.862953e-02 -2.173934e-02 -1.926393e-02 -1.751135e-02 -1.116243e-01
<VARIANCE> 39
 1.693053e+01 2.703953e+01 1.819527e+01 1.588775e+01 2.393895e+01 2.419153e+01 2.440937e+01 2.527048e+01 2.041486e+01 2.098514e+01 1.950679e+01 1.674308e+01 4.362807e+01 8.120311e-01 9.057788e-01 9.920514e-01 9.628342e-01 1.267487e+00 1.747137e+00 1.812726e+00 2.060819e+00 1.760239e+00 1.713154e+00 1.564073e+00 1.386057e+00 2.827272e+00 1.569104e-01 1.713430e-01 1.845469e-01 1.909909e-01 2.460698e-01 3.484654e-01 3.664265e-01 4.122270e-01 3.619922e-01 3.574303e-01 3.228771e-01 2.846895e-01 4.248585e-01
<GCONST> 9.996193e+01
<STATE> 4
<MEAN> 39
 4.778299e+00 -2.746916e-01 -3.092197e+00 5.826283e-02 3.819191e+00 1.688377e-01 1.447145e+00 -8.555070e-01 8.244998e-01 3.446934e-01 9.816024e-01 -2.931514e-01 5.765758e+01 -2.439871e-02 2.628765e-02 5.159215e-02 1.913081e-02 1.157671e-02 5.022293e-02 2.274222e-03 4.741071e-02 -2.785927e-02 -4.688101e-03 -6.826510e-03 -1.527102e-02 -1.283703e-01 -3.828016e-03 -2.093550e-04 6.458370e-04 -1.862024e-03 -2.818746e-03 1.301189e-04 -3.997178e-04 3.416877e-04 -4.368366e-04 -4.198635e-04 -6.665236e-04 -1.290027e-03 -7.685866e-04
<VARIANCE> 39
 1.684929e+01 2.641434e+01 1.945495e+01 1.584750e+01 2.165424e+01 2.650112e+01 2.379614e+01 2.315336e+01 2.247764e+01 2.037035e+01 1.771681e+01 1.663151e+01 4.736922e+01 4.031228e-01 7.748495e-01 7.880456e-01 9.270723e-01 1.179868e+00 1.516614e+00 1.537171e+00 1.695483e+00 1.626526e+00 1.606703e+00 1.501108e+00 1.339628e+00 1.516279e+00 6.837673e-02 1.436692e-01 1.463808e-01 1.841490e-01 2.313058e-01 3.011715e-01 3.149582e-01 3.449830e-01 3.325742e-01 3.309116e-01 3.068044e-01 2.737509e-01 2.506396e-01
<GCONST> 9.479094e+01
<TRANSP> 5
 0.000000e+00 1.000000e+00 0.000000e+00 0.000000e+00 0.000000e+00
 0.000000e+00 8.568313e-01 1.431687e-01 0.000000e+00 0.000000e+00
 0.000000e+00 0.000000e+00 8.568387e-01 1.431613e-01 0.000000e+00
 0.000000e+00 0.000000e+00 0.000000e+00 9.880330e-01 1.196699e-02
 0.000000e+00 0.000000e+00 0.000000e+00 0.000000e+00 0.000000e+00
<ENDHMM>
~h "kt"
<BEGINHMM>
<NUMSTATES> 5
<STATE> 2
<MEAN> 39
 -1.184596e+01 7.184596e-01 -3.864489e+00 -1.377670e+00 -1.035986e-01 -6.459382e-01 3.078547e+00 2.477906e+00 1.811564e+00 -2.502577e-02 3.853961e-01 -1.312677e+00 5.346143e+01 -1.767459e-01 3.923796e-02 -7.287195e-02 7.871339e-02 -2.542912e-02 -1.362662e-01 -5.555875e-03 -3.313666e-02 2.494545e-02 -5.621094e-02 7.509212e-03 -1.581929e-02 3.314761e-01 4.134328e-02 -5.154704e-03 1.034737e-02 -2.141228e-03 1.420688e-02 9.169979e-03 8.763075e-03 7.966433e-03 8.695088e-03 2.239420e-02 1.402596e-02 1.305225e-02 -6.904583e-02
<VARIANCE> 39
 1.542673e+01 1.373942e+01 1.537025e+01 1.543920e+01 1.698759e+01 2.105111e+01 2.133795e+01 2.165704e+01 1.837241e+01 1.742971e+01 1.684983e+01 1.401835e+01 3.618063e+01 1.334967e+00 6.846020e-01 9.667790e-01 1.110292e+00 1.420603e+00 1.733119e+00 1.684576e+00 1.677601e+00 1.757084e+00 1.740037e+00 1.637920e+00 1.360651e+00 2.193351e+00 1.915989e-01 1.083032e-01 1.582370e-01 1.880309e-01 2.440407e-01 2.992049e-01 2.951046e-01 2.951242e-01 3.118367e-01 3.087389e-01 2.872039e-01 2.401137e-01 3.002183e-01
<GCONST> 9.529971e+01
<STATE> 3
<MEAN> 39
 -1.197190e+01 9.487576e-01 -4.046093e+00 -9.924424e-01 -1.136142e-02 -9.277507e-01 3.178361e+00 2.438062e+00 1.959581e+00 -1.321554e-01 5.235804e-01 -1.218022e+00 5.369044e+01 -1.763775e-03 3.151932e-02 -2.091390e-02 5.221983e-02 1.688721e-02 -2.949851e-02 1.591214e-02 -3.222903e-03 1.989699e-02 -1.162397e-02 2.026877e-02 1.605611e-02 2.204231e-03 2.254580e-02 -5.627426e-04 6.884104e-03 -3.922369e-03 4.956533e-03 1.542516e-02 2.328162e-03 3.726782e-03 -1.737224e-03 4.510331e-03 5.059554e-04 3.546826e-03 -4.334408e-02
<VARIANCE> 39
 1.143147e+01 1.200388e+01 1.365016e+01 1.388553e+01 1.681522e+01 1.897665e+01 2.106012e+01 1.983662e+01 1.798205e+01 1.691547e+01 1.609976e+01 1.393464e+01 2.920534e+01 9.558523e-01 5.728138e-01 8.146062e-01 9.649119e-01 1.288938e+00 1.524553e+00 1.582957e+00 1.564474e+00 1.675203e+00 1.617104e+00 1.483563e+00 1.290955e+00 1.419893e+00 1.805209e-01 1.086300e-01 1.595973e-01 1.941761e-01 2.589944e-01 3.070130e-01 3.236784e-01 3.170095e-01 3.427041e-01 3.349054e-01 3.050032e-01 2.625740e-01 2.554289e-01
<GCONST> 9.261646e+01
<STATE> 4
<MEAN> 39
 -1.134671e+01 1.677303e+00 -4.698446e+00 -1.100803e+00 3.592083e-01 -1.633508e-01 3.746205e+00 2.452003e+00 2.059578e+00 -1.552194e-01 3.512333e-01 -1.550007e+00 5.253552e+01 1.165648e-02 -9.257210e-04 3.826723e-03 -3.640674e-03 4.244624e-03 5.646603e-03 3.655948e-03 7.685339e-04 -1.101957e-03 9.665536e-04 1.535050e-05 -8.571298e-04 -1.550780e-02 5.263009e-04 -2.892837e-04 3.056721e-04 -1.593054e-04 -2.570631e-05 2.373109e-04 -2.867271e-04 8.282899e-05 2.139298e-05 3.224485e-04 1.224589e-04 8.683587e-05 -4.422671e-04
<VARIANCE> 39
 1.414234e+01 1.039489e+01 1.414908e+01 1.355256e+01 1.531536e+01 1.842891e+01 2.043995e+01 1.754791e+01 1.809941e+01 1.728435e+01 1.562020e+01 1.366447e+01 2.805964e+01 9.044487e-01 4.913369e-01 6.918670e-01 9.162212e-01 1.196816e+00 1.401556e+00 1.545706e+00 1.552254e+00 1.624044e+00 1.584894e+00 1.465712e+00 1.294637e+00 1.116665e+00 1.764116e-01 9.589548e-02 1.385679e-01 1.840370e-01 2.414701e-01 2.838790e-01 3.149743e-01 3.160193e-01 3.311253e-01 3.254496e-01 2.992713e-01 2.644435e-01 2.094198e-01
<GCONST> 9.065073e+01
<TRANSP> 5
 0.000000e+00 1.000000e+00 0.000000e+00 0.000000e+00 0.000000e+00
 0.000000e+00 8.571434e-01 1.428566e-01 0.000000e+00 0.000000e+00
 0.000000e+00 0.000000e+00 8.571422e-01 1.428578e-01 0.000000e+00
 0.000000e+00 0.000000e+00 0.000000e+00 9.968343e-01 3.165700e-03
 0.000000e+00 0.000000e+00 0.000000e+00 0.000000e+00 0.000000e+00
<ENDHMM>
~h "pr"
<BEGINHMM>
<NUMSTATES> 5
<STATE> 2
<MEAN> 39
 -1.823566e+01 -3.632932e+00 5.546698e+00 -8.453339e+00 4.072678e+00 6.386127e+00 -1.419361e-01 -8.440260e-01 4.457824e+00 -3.009965e+00 -8.001805e-01 3.547817e+00 5.776659e+01 -4.328198e-01 -1.918458e-01 8.700947e-02 -1.025766e-01 1.039732e-01 2.103602e-01 6.408551e-02 -5.055327e-01 1.719717e-01 -1.662005e-01 -2.644633e-02 4.564576e-01 4.489840e-01 1.061995e-01 4.010281e-02 -2.609395e-02 2.865931e-02 -1.022258e-04 -1.333307e-02 -3.163251e-02 5.979200e-02 -1.823316e-02 1.306661e-02 2.303964e-02 -4.264043e-02 -1.018988e-01
<VARIANCE> 39
 4.479076e+01 7.135176e+01 8.665793e+01 4.960985e+01 6.233966e+01 8.655437e+01 4.588840e+01 6.859946e+01 7.181943e+01 4.268896e+01 5.551420e+01 6.648109e+01 3.009684e+01 2.642095e+00 1.029880e+00 1.836567e+00 1.891208e+00 2.139202e+00 2.443898e+00 2.166252e+00 2.699307e+00 2.782825e+00 2.022507e+00 2.704682e+00 2.603128e+00 1.659839e+00 3.030395e-01 1.413147e-01 2.247876e-01 2.571546e-01 3.006102e-01 3.661910e-01 3.506910e-01 3.710541e-01 4.077193e-01 3.278083e-01 3.893127e-01 3.518288e-01 1.626989e-01
<GCONST> 1.181958e+02
<STATE> 3
<MEAN> 39
 -1.891633e+01 -4.002378e+00 5.738987e+00 -8.580316e+00 4.667767e+00 6.780766e+00 -2.617736e-01 -1.811490e+00 5.087401e+00 -3.706906e+00 -7.403228e-01 4.557087e+00 5.841601e+01 -6.216700e-02 -3.844726e-02 2.078115e-02 -9.251953e-03 8.177544e-02 3.975048e-02 -2.492489e-02 -9.865732e-02 8.107759e-02 -9.151349e-02 1.055558e-02 1.082442e-01 5.595212e-02 4.590938e-02 1.924154e-02 -7.381493e-03 1.144560e-02 -3.495275e-03 -2.480000e-02 -1.035017e-02 5.633881e-02 -1.220493e-02 1.028952e-02 3.273140e-03 -4.914369e-02 -4.978451e-02
<VARIANCE> 39
 3.215274e+01 7.716896e+01 9.279318e+01 5.126466e+01 7.239813e+01 1.021860e+02 4.899397e+01 7.294875e+01 9.461011e+01 5.110143e+01 6.561476e+01 6.699262e+01 2.318587e+01 1.179119e+00 7.169613e-01 1.055017e+00 1.329692e+00 1.640788e+00 1.980644e+00 1.882529e+00 2.284239e+00 2.284086e+00 1.932756e+00 2.290871e+00 1.878507e+00 7.024850e-01 2.269000e-01 1.350494e-01 1.819404e-01 2.468839e-01 3.128232e-01 3.697040e-01 3.578245e-01 4.030773e-01 4.284809e-01 3.680859e-01 4.260508e-01 3.333870e-01 1.198877e-01
<GCONST> 1.138644e+02
<STATE> 4
<MEAN> 39
 -1.520709e+01 -4.809018e+00 4.791597e+00 -8.640269e+00 3.155258e+00 3.671406e+00 1.920810e+00 2.944094e+00 3.884988e+00 -2.191016e+00 -1.970440e+00 3.496460e+00 5.510487e+01 3.008120e-02 9.240034e-03 -1.255437e-02 9.511380e-03 -7.068606e-03 -1.123833e-02 6.497102e-03 1.597299e-02 -7.936871e-03 1.118738e-02 -1.589032e-03 -1.065809e-02 -2.847685e-02 4.190319e-04 2.689843e-04 -1.814149e-04 3.568477e-04 -4.321672e-04 -3.775569e-05 1.969361e-04 2.341553e-04 -2.470334e-04 4.058461e-04 1.763446e-04 -5.264317e-04 -3.341833e-04
<VARIANCE> 39
 3.733548e+01 6.031487e+01 8.264620e+01 5.867720e+01 6.282103e+01 1.067577e+02 6.998277e+01 6.561284e+01 7.179781e+01 4.303400e+01 7.393992e+01 6.224043e+01 4.007200e+01 4.285068e-01 4.898654e-01 6.908583e-01 9.758831e-01 1.222518e+00 1.480682e+00 1.532936e+00 1.710149e+00 1.785451e+00 1.742107e+00 1.710485e+00 1.400449e+00 2.512979e-01 8.021171e-02 8.594763e-02 1.249729e-01 1.792168e-01 2.348137e-01 2.809051e-01 2.980699e-01 3.243711e-01 3.460174e-01 3.344719e-01 3.265062e-01 2.678905e-01 4.237567e-02
<GCONST> 1.039310e+02
<TRANSP> 5
 0.000000e+00 1.000000e+00 0.000000e+00 0.000000e+00 0.000000e+00
 0.000000e+00 8.569960e-01 1.430040e-01 0.000000e+00 0.000000e+00
 0.000000e+00 0.000000e+00 8.569916e-01 1.430084e-01 0.000000e+00
 0.000000e+00 0.000000e+00 0.000000e+00 9.971917e-01 2.808331e-03
 0.000000e+00 0.000000e+00 0.000000e+00 0.000000e+00 0.000000e+00
<ENDHMM>
~h "pw"
<BEGINHMM>
<NUMSTATES> 5
<STATE> 2
<MEAN> 39
 -1.301688e+01 -1.589293e+00 -2.261086e+00 -2.583071e+00 5.381281e-01 -5.376724e-01 2.076921e+00 6.868943e-01 7.006938e-01 2.903606e-01 2.684230e-01 -1.074138e+00 5.498191e+01 -3.269850e-01 -2.578351e-01 2.964881e-02 4.125008e-02 -5.664365e-02 -2.504948e-01 -2.250873e-01 -2.286853e-01 -6.443822e-02 -6.593423e-02 -3.230436e-03 4.243254e-02 6.568330e-01 2.982427e-02 -4.099331e-03 -9.832254e-03 6.746092e-03 2.839146e-02 3.296128e-03 7.814424e-03 6.524461e-03 3.458930e-03 3.486216e-03 2.659558e-03 -2.857436e-03 -2.176755e-02
<VARIANCE> 39
 1.686319e+01 2.690819e+01 1.481743e+01 1.346516e+01 1.612531e+01 2.403603e+01 2.519643e+01 2.495338e+01 1.834151e+01 1.549864e+01 1.529410e+01 1.391585e+01 6.637219e+01 9.235721e-01 1.075023e+00 8.345934e-01 9.941884e-01 1.314240e+00 1.766775e+00 1.976314e+00 1.869362e+00 1.687877e+00 1.638699e+00 1.514615e+00 1.394011e+00 2.873264e+00 1.354387e-01 1.530099e-01 1.475507e-01 1.726945e-01 2.209823e-01 2.885174e-01 3.364889e-01 3.099464e-01 3.008386e-01 2.913129e-01 2.710243e-01 2.547884e-01 3.391636e-01
<GCONST> 9.672743e+01
<STATE> 3
<MEAN> 39
 -1.372322e+01 -2.850814e+00 -2.331985e+00 -2.161411e+00 7.929139e-01 -1.395945e+00 1.407522e+00 -2.114236e-01 3.536334e-01 9.721333e-02 3.048024e-01 -9.450108e-01 5.707618e+01 -7.636288e-02 -1.693279e-01 -1.394487e-02 6.153529e-02 4.528795e-02 -1.068821e-01 -8.057600e-02 -1.161570e-01 -4.717059e-02 -2.306155e-02 5.977639e-03 1.553612e-02 2.569968e-01 3.555294e-02 1.407699e-02 -5.688054e-03 2.359796e-03 1.254322e-02 2.167772e-02 2.143696e-02 1.662783e-02 2.242149e-03 6.136843e-03 1.148543e-03 -3.767181e-03 -5.928818e-02
<VARIANCE> 39
 1.460475e+01 2.941454e+01 1.433405e+01 1.285348e+01 1.685232e+01 2.484052e+01 2.561405e+01 2.785764e+01 1.945439e+01 1.608167e+01 1.477002e+01 1.379568e+01 6.767958e+01 6.962104e-01 9.715388e-01 7.786980e-01 9.057736e-01 1.163959e+00 1.529782e+00 1.737762e+00 1.744377e+00 1.586599e+00 1.538302e+00 1.423895e+00 1.300669e+00 2.144971e+00 1.109773e-01 1.624248e-01 1.521536e-01 1.798991e-01 2.326588e-01 2.934717e-01 3.394426e-01 3.371009e-01 3.243389e-01 3.136455e-01 2.916445e-01 2.683746e-01 2.913726e-01
<GCONST> 9.552614e+01
<STATE> 4
<MEAN> 39
 -1.244528e+01 -3.775752e+00 -2.452554e+00 -2.284949e+00 7.979283e-01 -1.422747e+00 2.106276e+00 1.234296e-01 1.680150e-01 4.418919e-01 3.475415e-01 -7.188544e-01 5.555875e+01 8.968366e-03 6.243280e-04 2.786723e-04 -5.474138e-04 1.148961e-03 3.154462e-03 2.825851e-03 3.302719e-03 1.316761e-03 9.060303e-04 1.748409e-04 -2.131725e-04 -1.148529e-02 4.236701e-04 3.166363e-04 1.972051e-05 -1.296171e-04 -1.737771e-04 3.171145e-04 1.129804e-04 2.687376e-04 2.097038e-04 3.785536e-05 -1.203928e-04 -6.445740e-06 -6.787865e-04
<VARIANCE> 39
 1.846315e+01 2.656173e+01 1.364110e+01 1.348785e+01 1.537971e+01 2.307009e+01 2.350706e+01 2.492501e+01 1.956675e+01 1.654547e+01 1.474483e+01 1.332624e+01 4.581225e+01 5.479428e-01 8.299542e-01 6.819793e-01 8.659322e-01 1.112941e+00 1.359780e+00 1.500298e+00 1.586410e+00 1.539540e+00 1.471968e+00 1.382282e+00 1.243373e+00 1.212787e+00 9.022088e-02 1.374137e-01 1.289805e-01 1.690977e-01 2.207940e-01 2.677379e-01 2.989448e-01 3.145142e-01 3.137453e-01 3.013023e-01 2.833384e-01 2.546847e-01 1.725134e-01
<GCONST> 9.158352e+01
<TRANSP> 5
 0.000000e+00 1.000000e+00 0.000000e+00 0.000000e+00 0.000000e+00
 0.000000e+00 8.571437e-01 1.428563e-01 0.000000e+00 0.000000e+00
 0.000000e+00 0.000000e+00 8.571418e-01 1.428582e-01 0.000000e+00
 0.000000e+00 0.000000e+00 0.000000e+00 9.983169e-01 1.683113e-03
 0.000000e+00 0.000000e+00 0.000000e+00 0.000000e+00 0.000000e+00
<ENDHMM>
~h "si"
<BEGINHMM>
<NUMSTATES> 5
<STATE> 2
<MEAN> 39
 -6.064837e+00 1.286433e-01 -3.399186e-01 -1.459686e+00 1.560531e+00 1.882885e+00 3.027277e+00 1.895451e+00 8.817848e-01 3.876416e-02 -1.984844e-01 -1.606608e+00 4.992957e+01 3.308093e-03 3.053664e-02 -2.637824e-02 -2.730668e-02 -2.529493e-02 5.647644e-02 6.405621e-02 1.023429e-01 2.041589e-02 3.351528e-02 6.917697e-03 -3.841774e-02 -1.370067e-01 -4.440665e-03 -6.458676e-04 -3.465371e-03 -4.994056e-03 -3.269832e-03 4.935417e-04 2.452644e-03 1.967222e-03 -5.939186e-05 1.788527e-03 1.458683e-03 -2.657966e-04 1.788613e-04
<VARIANCE> 39
 1.619677e+01 1.797648e+01 2.167486e+01 1.919269e+01 2.029028e+01 2.266203e+01 2.516703e+01 2.313829e+01 2.288318e+01 1.898998e+01 1.869726e+01 1.744609e+01 2.209663e+01 2.326915e-01 3.707911e-01 5.252880e-01 7.399682e-01 9.697040e-01 1.188897e+00 1.333380e+00 1.439884e+00 1.462008e+00 1.448929e+00 1.388036e+00 1.250335e+00 1.895183e-01 3.300299e-02 5.711823e-02 8.717243e-02 1.266654e-01 1.681904e-01 2.059066e-01 2.333939e-01 2.525226e-01 2.581452e-01 2.576181e-01 2.457262e-01 2.215235e-01 2.207612e-02
<GCONST> 8.146629e+01
<STATE> 3
<MEAN> 39
 -6.194336e+00 2.188300e-01 -5.887764e-01 -1.755379e+00 1.316651e+00 2.111713e+00 3.360015e+00 2.430912e+00 1.020916e+00 2.778298e-01 -1.002780e-01 -1.756184e+00 4.931974e+01 -2.300863e-02 1.070993e-02 -3.729305e-02 -4.413451e-02 -3.507559e-02 2.960958e-02 4.586570e-02 7.331546e-02 1.999974e-02 3.460202e-02 1.536173e-02 -1.931579e-02 -7.982565e-02 -3.592445e-03 -2.959902e-03 -1.381886e-03 -2.105704e-03 -1.177582e-03 -4.277616e-03 -3.106676e-03 -4.723298e-03 -3.856604e-05 7.062124e-05 1.237577e-03 3.018670e-03 8.910331e-03
<VARIANCE> 39
 1.555879e+01 1.648573e+01 1.999308e+01 1.741242e+01 1.960019e+01 2.124244e+01 2.312701e+01 2.223380e+01 2.129798e+01 1.849287e+01 1.755080e+01 1.617267e+01 2.186944e+01 2.531767e-01 3.830444e-01 5.213724e-01 7.441974e-01 9.605981e-01 1.169144e+00 1.298597e+00 1.400811e+00 1.423509e+00 1.409867e+00 1.347556e+00 1.206116e+00 2.062055e-01 4.063000e-02 6.769115e-02 9.951635e-02 1.453002e-01 1.908572e-01 2.324162e-01 2.607127e-01 2.822217e-01 2.885029e-01 2.885812e-01 2.747918e-01 2.463590e-01 2.862440e-02
<GCONST> 8.250909e+01
<STATE> 4
<MEAN> 39
 -7.097618e+00 -9.852540e-02 -1.095131e+00 -2.717845e+00 5.755613e-01 1.647243e+00 2.969315e+00 3.266526e+00 1.263568e+00 7.507519e-01 2.920087e-01 -1.571105e+00 4.782486e+01 -5.728976e-03 -1.617635e-03 -4.403299e-03 -4.382338e-03 -3.901261e-03 -2.593694e-03 -1.149493e-03 -8.155608e-04 1.060202e-03 2.185113e-03 2.535684e-03 1.809979e-03 3.530110e-03 -3.683165e-05 -1.560135e-06 2.042589e-04 1.701335e-04 -9.064096e-06 -1.566343e-04 -2.607984e-04 -4.551910e-04 -1.117050e-04 -1.787811e-04 -8.044146e-05 1.277521e-05 7.273851e-04
<VARIANCE> 39
 1.793094e+01 1.597479e+01 1.483226e+01 1.292089e+01 1.800247e+01 1.910966e+01 2.052520e+01 2.120986e+01 1.814845e+01 1.686167e+01 1.525808e+01 1.376837e+01 2.519248e+01 2.644588e-01 3.971387e-01 5.171299e-01 7.278945e-01 9.531451e-01 1.157659e+00 1.299888e+00 1.407166e+00 1.406832e+00 1.398515e+00 1.307710e+00 1.153173e+00 2.571233e-01 4.361634e-02 7.202530e-02 9.986880e-02 1.439416e-01 1.892649e-01 2.307438e-01 2.616782e-01 2.843496e-01 2.863708e-01 2.858113e-01 2.665768e-01 2.345937e-01 3.782476e-02
<GCONST> 8.172167e+01
<TRANSP> 5
 0.000000e+00 1.000000e+00 0.000000e+00 0.000000e+00 0.000000e+00
 0.000000e+00 8.547212e-01 1.452788e-01 0.000000e+00 0.000000e+00
 0.000000e+00 0.000000e+00 8.549896e-01 1.450104e-01 0.000000e+00
 0.000000e+00 0.000000e+00 0.000000e+00 9.962072e-01 3.792755e-03
 0.000000e+00 0.000000e+00 0.000000e+00 0.000000e+00 0.000000e+00
<ENDHMM>
~h "st"
<BEGINHMM>
<NUMSTATES> 5
<STATE> 2
<MEAN> 39
 -8.127000e+00 -3.494412e+00 -1.866658e+00 -6.558793e+00 -1.951878e+00 -2.867576e+00 1.383537e+00 1.193707e+00 1.435296e+00 2.593015e-01 8.490922e-01 -1.628040e+00 5.754508e+01 -1.641031e-01 -2.804646e-01 9.133581e-02 -2.310523e-01 -9.234746e-02 -3.493225e-01 -1.761567e-01 -9.277084e-02 -2.055982e-02 -5.373047e-02 1.933468e-02 2.353771e-02 5.973270e-01 3.373110e-02 3.901226e-02 3.995687e-04 3.668559e-02 1.778132e-02 4.525311e-02 3.021305e-02 1.822450e-02 1.193307e-02 1.163348e-02 -7.936701e-04 2.372897e-03 -1.001925e-01
<VARIANCE> 39
 2.007250e+01 2.690502e+01 1.661670e+01 2.859849e+01 2.279060e+01 3.316613e+01 2.504731e+01 2.189181e+01 2.082408e+01 1.897326e+01 1.681719e+01 1.403921e+01 6.761954e+01 8.204915e-01 1.311033e+00 9.207596e-01 1.736233e+00 1.666567e+00 2.439319e+00 1.954123e+00 1.910477e+00 1.860118e+00 1.754185e+00 1.638386e+00 1.442261e+00 3.428494e+00 1.064843e-01 1.764119e-01 1.514601e-01 2.639040e-01 2.687035e-01 3.734299e-01 3.213873e-01 3.282423e-01 3.207468e-01 3.055734e-01 2.830889e-01 2.572245e-01 4.121788e-01
<GCONST> 1.016899e+02
<STATE> 3
<MEAN> 39
 -8.244868e+00 -3.851109e+00 -1.509598e+00 -6.548154e+00 -1.858502e+00 -3.252901e+00 1.273167e+00 9.843416e-01 1.287338e+00 1.637180e-01 8.400800e-01 -1.536526e+00 5.791932e+01 -4.995132e-04 -2.598407e-02 4.691204e-02 2.940008e-02 2.627848e-02 -2.225651e-02 2.266539e-03 -2.171007e-02 -2.300986e-02 -9.839164e-03 -2.877129e-03 1.208944e-02 -6.993477e-03 2.237091e-02 3.645724e-02 -7.250327e-03 3.847886e-02 1.709948e-02 4.717992e-02 2.534017e-02 9.572078e-03 -1.777133e-03 5.839159e-03 -3.290491e-03 -2.047741e-03 -8.579265e-02
<VARIANCE> 39
 1.973599e+01 2.323405e+01 1.585300e+01 2.620115e+01 2.105457e+01 2.968688e+01 2.322216e+01 2.116849e+01 2.064933e+01 1.917517e+01 1.646863e+01 1.379485e+01 5.421968e+01 5.459501e-01 7.861545e-01 7.278562e-01 1.362526e+00 1.366503e+00 1.811892e+00 1.625827e+00 1.667188e+00 1.639177e+00 1.570210e+00 1.469212e+00 1.312267e+00 2.048094e+00 8.620958e-02 1.341183e-01 1.404665e-01 2.403810e-01 2.580874e-01 3.385358e-01 3.232286e-01 3.381066e-01 3.339734e-01 3.240657e-01 3.007130e-01 2.708610e-01 2.764743e-01
<GCONST> 9.672185e+01
<STATE> 4
<MEAN> 39
 -9.109005e+00 -1.787561e+00 -1.502909e+00 -5.034650e+00 -1.049178e+00 -1.121607e+00 2.501740e+00 1.001647e+00 9.633354e-01 4.583493e-03 6.236016e-01 -1.704519e+00 5.437050e+01 7.974198e-04 1.033667e-02 -1.357451e-03 7.918470e-03 5.457807e-03 1.468807e-02 7.412111e-03 1.751940e-03 -1.153517e-04 6.102914e-04 -4.073905e-04 4.570270e-04 -2.327193e-02 2.587930e-04 3.569385e-04 -2.779089e-04 1.529073e-04 1.027862e-04 4.738070e-04 7.139013e-05 1.115065e-04 1.166620e-04 1.628968e-04 -1.102909e-05 3.522695e-05 -5.314888e-04
<VARIANCE> 39
 1.772770e+01 1.871574e+01 1.471710e+01 2.252489e+01 1.936714e+01 2.393775e+01 2.066197e+01 1.998945e+01 1.940971e+01 1.762220e+01 1.534225e+01 1.393117e+01 4.035407e+01 4.788576e-01 6.261615e-01 6.578982e-01 1.126840e+00 1.249228e+00 1.502245e+00 1.479940e+00 1.529575e+00 1.543593e+00 1.510190e+00 1.412574e+00 1.267350e+00 1.188954e+00 7.626507e-02 1.072024e-01 1.247777e-01 2.067575e-01 2.409444e-01 2.896576e-01 2.959807e-01 3.086599e-01 3.131581e-01 3.078060e-01 2.884201e-01 2.591267e-01 1.661148e-01
<GCONST> 9.164227e+01
<TRANSP> 5
 0.000000e+00 1.000000e+00 0.000000e+00 0.000000e+00 0.000000e+00
 0.000000e+00 8.525990e-01 1.474010e-01 0.000000e+00 0.000000e+00
 0.000000e+00 0.000000e+00 8.526022e-01 1.473978e-01 0.000000e+00
 0.000000e+00 0.000000e+00 0.000000e+00 9.955863e-01 4.413684e-03
 0.000000e+00 0.000000e+00 0.000000e+00 0.000000e+00 0.000000e+00
<ENDHMM>
~h "spe"
<BEGINHMM>
<NUMSTATES> 5
<STATE> 2
<MEAN> 39
 -2.314724e+00 -3.944111e+00 4.497305e-01 -1.083698e+01 -2.524296e+00 4.612909e-01 -1.784469e+00 1.333644e-01 -2.724808e+00 -4.446734e-01 -3.874959e-01 -3.816891e+00 5.691488e+01 9.745643e-02 -4.074813e-01 2.089921e-01 -4.890899e-01 -2.031191e-01 -2.724784e-01 -4.660248e-01 -2.497736e-02 1.793701e-02 1.272044e-01 -9.514213e-03 -1.381133e-01 6.571874e-01 -8.324934e-03 -9.027576e-03 -7.845256e-03 4.515560e-02 -1.518068e-02 -3.000210e-02 2.442045e-02 6.587197e-03 2.169427e-02 2.430870e-02 -1.382244e-02 5.771381e-03 -8.765315e-03
<VARIANCE> 39
 2.753818e+01 4.429429e+01 5.586237e+01 5.449986e+01 5.306278e+01 5.175025e+01 4.785939e+01 5.206164e+01 3.865198e+01 3.164264e+01 3.955935e+01 2.908250e+01 2.537181e+01 5.776519e-01 1.165412e+00 1.261031e+00 1.703869e+00 2.144873e+00 2.055778e+00 2.231702e+00 2.443153e+00 2.369640e+00 2.161784e+00 2.063935e+00 1.801203e+00 5.750524e-01 6.607809e-02 1.398072e-01 1.703614e-01 2.178738e-01 2.965979e-01 3.065580e-01 3.373682e-01 3.593878e-01 3.492806e-01 3.300159e-01 3.058026e-01 2.841921e-01 5.846410e-02
<GCONST> 1.059479e+02
<STATE> 3
<MEAN> 39
 -2.078093e+00 -5.750321e+00 1.169579e+00 -1.189814e+01 -3.371235e+00 -9.726224e-01 -3.188419e+00 -1.120377e-02 -2.527873e+00 1.180386e-01 -1.110804e+00 -4.348026e+00 5.953119e+01 2.647305e-02 -2.375155e-01 9.079740e-02 -1.139350e-01 -1.099508e-01 -1.945021e-01 -1.692769e-01 -2.006485e-02 2.789689e-02 7.349336e-02 -1.123126e-01 -6.814603e-02 3.386275e-01 -1.003345e-02 2.717153e-02 -1.752298e-02 5.314964e-02 1.596579e-02 1.531451e-02 4.305515e-02 -1.486299e-04 -8.066084e-04 -1.095615e-02 -1.434779e-02 1.009923e-02 -4.823866e-02
<VARIANCE> 39
 2.359919e+01 4.312818e+01 6.532341e+01 5.131847e+01 6.520856e+01 5.981335e+01 4.201310e+01 5.581845e+01 3.430008e+01 3.481639e+01 4.526607e+01 3.335927e+01 2.179539e+01 4.901128e-01 1.048115e+00 1.233325e+00 1.458829e+00 2.243818e+00 1.987314e+00 2.016882e+00 2.342419e+00 2.042465e+00 2.063820e+00 1.990176e+00 1.777821e+00 5.018988e-01 6.590910e-02 1.314820e-01 1.790299e-01 2.257079e-01 3.309449e-01 3.438383e-01 3.569323e-01 4.039070e-01 3.762901e-01 3.723311e-01 3.531797e-01 3.159248e-01 4.542357e-02
<GCONST> 1.059003e+02
<STATE> 4
<MEAN> 39
 -1.937918e+00 -3.568786e+00 -7.328976e-01 -6.820626e+00 -3.217703e+00 -1.286705e+00 -1.394018e+00 2.515087e-02 -1.675056e+00 -4.516237e-01 -1.387730e+00 -4.017738e+00 5.479324e+01 -2.892845e-03 1.073396e-02 -1.127710e-02 2.012371e-02 9.948059e-03 5.711911e-03 1.547484e-02 3.917586e-03 4.826962e-03 1.209773e-03 1.854007e-03 3.008741e-03 -2.341839e-02 -2.095309e-04 7.151391e-04 -4.314644e-04 3.737785e-04 5.548094e-04 8.336860e-04 6.592186e-04 2.709052e-04 1.427034e-05 2.197923e-04 6.353662e-04 3.588386e-04 -1.297536e-03
<VARIANCE> 39
 1.767643e+01 3.288051e+01 4.110781e+01 3.987595e+01 4.733310e+01 4.585336e+01 4.290518e+01 3.769086e+01 3.146995e+01 3.105686e+01 3.547184e+01 2.753729e+01 2.699041e+01 4.311548e-01 7.631331e-01 9.622200e-01 1.120445e+00 1.510742e+00 1.660967e+00 1.750957e+00 1.830249e+00 1.821589e+00 1.787870e+00 1.751154e+00 1.544200e+00 2.649086e-01 5.915833e-02 1.072007e-01 1.440201e-01 1.867200e-01 2.530752e-01 2.958650e-01 3.195443e-01 3.422078e-01 3.516690e-01 3.472095e-01 3.327217e-01 2.918847e-01 2.913602e-02
<GCONST> 9.802316e+01
<TRANSP> 5
 0.000000e+00 1.000000e+00 0.000000e+00 0.000000e+00 0.000000e+00
 0.000000e+00 8.568796e-01 1.431203e-01 0.000000e+00 0.000000e+00
 0.000000e+00 0.000000e+00 8.568953e-01 1.431047e-01 0.000000e+00
 0.000000e+00 0.000000e+00 0.000000e+00 9.973250e-01 2.675010e-03
 0.000000e+00 0.000000e+00 0.000000e+00 0.000000e+00 0.000000e+00
<ENDHMM>
